0.045338	0.019236	-0.026876	0.392093	0.537455	0.746595	-0.896815	0.404091	0.18009	-0.204902	-0.74017	0.640439	-1e-06	1e-06	-0	5e-06	-1.3e-05	1.4e-05	-1.008281	0.075403	0.013073	-0.067107	0.12402	-0.311496	-0.942118	0.560824	0.805263	-0.192421	0.818592	-0.504499	0.274564	-4e-05	-0.000307	-0.000421	0	-8e-06	-8e-06	-0.56827
0.045338	0.019236	-0.026876	0.392093	0.537455	0.746595	-0.896815	0.404091	0.18009	-0.204902	-0.74017	0.640439	-1e-06	1e-06	-0	5e-06	-1.3e-05	1.4e-05	-1.007954	0.075402	0.013072	-0.067109	0.12402	-0.311496	-0.942118	0.560824	0.805263	-0.192421	0.818592	-0.504499	0.274564	-0	-1e-06	-3e-06	-2e-06	1e-06	-2e-06	-0.56827
0.045332	0.019235	-0.026876	0.392071	0.537455	0.746606	-0.896824	0.404078	0.180075	-0.204905	-0.740177	0.64043	-1e-06	2e-06	2e-06	0	-9e-06	1.7e-05	-1.008117	0.075403	0.013074	-0.067105	0.124133	-0.311436	-0.942124	0.560813	0.805296	-0.192313	0.818583	-0.504484	0.274621	4e-06	3e-05	4.4e-05	3e-06	8e-06	7e-06	-0.56827
0.045332	0.019235	-0.026876	0.392071	0.537455	0.746606	-0.896824	0.404078	0.180075	-0.204905	-0.740177	0.64043	-1e-06	2e-06	2e-06	0	-9e-06	1.7e-05	-1.007954	0.075409	0.013074	-0.067106	0.124111	-0.311448	-0.942122	0.560815	0.80529	-0.192335	0.818585	-0.504486	0.27461	1e-06	-2e-06	-4e-06	-7e-06	8e-06	-1.9e-05	-0.56827
0.045332	0.019235	-0.026876	0.392071	0.537455	0.746606	-0.896824	0.404078	0.180075	-0.204905	-0.740177	0.64043	-1e-06	2e-06	2e-06	0	-9e-06	1.7e-05	-1.007954	0.075409	0.013075	-0.067113	0.124115	-0.311444	-0.942123	0.560793	0.805305	-0.192337	0.818599	-0.504465	0.274606	-1e-06	-5e-06	-8e-06	-1e-06	-2e-06	-2e-06	-0.56827
0.045332	0.019235	-0.026876	0.392071	0.537455	0.746606	-0.896824	0.404078	0.180075	-0.204905	-0.740177	0.64043	-1e-06	2e-06	2e-06	0	-9e-06	1.7e-05	-1.008117	0.075408	0.013073	-0.067116	0.124134	-0.311434	-0.942124	0.560791	0.80531	-0.192319	0.818598	-0.504462	0.274615	1e-06	3e-06	6e-06	1e-06	0	1.4e-05	-0.568107
0.045332	0.019233	-0.026879	0.392052	0.537454	0.746617	-0.896831	0.404067	0.180062	-0.204909	-0.740183	0.640421	-0	-6.1e-05	-9e-05	5e-06	7e-06	-0	-1.00779	0.075414	0.013072	-0.067117	0.124112	-0.311446	-0.942123	0.560794	0.805304	-0.19234	0.818599	-0.504465	0.274605	-3e-06	3e-06	5e-06	9e-06	-1.4e-05	7e-06	-0.56778
0.045331	0.019236	-0.026876	0.392071	0.537455	0.746606	-0.896824	0.404078	0.180075	-0.204906	-0.740177	0.64043	1e-06	0	1e-06	6e-06	-9e-06	7e-06	-1.00779	0.07542	0.013071	-0.067118	0.124109	-0.311448	-0.942123	0.560794	0.805303	-0.192343	0.818599	-0.504466	0.274604	-6.8e-05	-0.000503	-0.00069	1.2e-05	-1e-05	1.3e-05	-0.56778
0.045331	0.019236	-0.026876	0.392071	0.537455	0.746606	-0.896824	0.404078	0.180075	-0.204905	-0.740177	0.64043	1e-06	-2e-06	-2e-06	1.2e-05	4e-06	-3e-06	-1.00779	0.07542	0.013073	-0.067124	0.124094	-0.311455	-0.942122	0.560774	0.805312	-0.192363	0.818616	-0.504447	0.27459	-4e-06	-0	0	4e-06	-9e-06	-0	-0.56778
0.045332	0.019231	-0.026872	0.392057	0.537455	0.746613	-0.896835	0.40405	0.180082	-0.204884	-0.740192	0.640419	-0	-2e-06	-2e-06	1.9e-05	4e-06	-8e-06	-1.00779	0.07542	0.013086	-0.067134	0.124047	-0.311474	-0.942122	0.560714	0.805339	-0.192425	0.818664	-0.504391	0.274548	-3e-06	3e-06	6e-06	9e-06	-5e-06	7e-06	-0.567617
0.045326	0.019229	-0.026866	0.39204	0.537456	0.746621	-0.896847	0.404021	0.180087	-0.204862	-0.740207	0.640409	-0	6.1e-05	9e-05	1e-05	-1.1e-05	4e-06	-1.007627	0.07542	0.013103	-0.067154	0.12412	-0.311426	-0.942129	0.560598	0.80543	-0.192384	0.818732	-0.504277	0.274554	-3e-06	3e-06	5e-06	7e-06	-1.5e-05	7e-06	-0.567454
0.045327	0.019228	-0.026859	0.392045	0.537457	0.746618	-0.896851	0.404004	0.180106	-0.204837	-0.740216	0.640407	-0	3.1e-05	4.3e-05	1.1e-05	5e-06	0	-1.007301	0.075426	0.013111	-0.067161	0.124067	-0.311451	-0.942128	0.56056	0.805442	-0.192446	0.818766	-0.504243	0.274516	-2e-06	4e-06	8e-06	2e-06	1e-05	-2e-06	-0.567291
0.045329	0.019211	-0.02682	0.392041	0.537462	0.746617	-0.89689	0.403865	0.180221	-0.20467	-0.740288	0.640376	-2e-06	0.000408	0.000587	1.1e-05	9e-06	-3e-06	-1.006321	0.075444	0.013126	-0.067175	0.123941	-0.311514	-0.942123	0.560486	0.805458	-0.192591	0.818836	-0.504178	0.274428	-1e-06	1e-06	4e-06	1.3e-05	-1.3e-05	3e-06	-0.567127
0.045339	0.019191	-0.02675	0.392098	0.53747	0.746581	-0.896927	0.403683	0.180444	-0.204399	-0.740382	0.640355	-1e-06	0.000627	0.000902	1.2e-05	6e-06	-1e-05	-1.005015	0.07545	0.013125	-0.067176	0.124051	-0.311455	-0.942128	0.560475	0.805491	-0.192487	0.818827	-0.504162	0.274484	-4e-06	1e-06	4e-06	1.4e-05	-2.6e-05	4e-06	-0.566964
0.045343	0.019178	-0.026668	0.392059	0.537476	0.746597	-0.897003	0.403445	0.180601	-0.204142	-0.740507	0.640292	-3e-06	0.00078	0.00112	8e-06	1e-05	-6e-06	-1.002565	0.075456	0.013125	-0.067176	0.124029	-0.311468	-0.942127	0.560478	0.805484	-0.192508	0.818829	-0.504165	0.274474	-3e-06	1e-06	3e-06	1.4e-05	-1.8e-05	0	-0.566801
0.045345	0.019167	-0.026631	0.39207	0.53748	0.746589	-0.897032	0.403333	0.180709	-0.203997	-0.740565	0.640271	-2e-06	0.000611	0.000879	1.4e-05	-7e-06	-1e-05	-1.001585	0.075456	0.013122	-0.06718	0.124048	-0.311457	-0.942128	0.560475	0.80549	-0.19249	0.818827	-0.504162	0.274483	-5e-06	-2.4e-05	-3.3e-05	9e-06	-1.9e-05	-2e-06	-0.566637
0.045343	0.019137	-0.026573	0.389747	0.536959	0.748179	-0.897712	0.402765	0.178584	-0.205448	-0.741252	0.639011	-2e-06	9.8e-05	0.000143	-0.001896	-0.002825	0.00302	-1.000279	0.075461	0.013123	-0.067187	0.12403	-0.311466	-0.942127	0.560455	0.805498	-0.192513	0.818844	-0.504143	0.274468	-1e-06	1e-06	0	4e-06	-9e-06	2e-06	-0.566801
0.045345	0.019118	-0.026555	0.389726	0.536968	0.748183	-0.897753	0.402639	0.178663	-0.205311	-0.741313	0.638984	-1e-06	-2.5e-05	-3.6e-05	-3e-05	-5.4e-05	5.6e-05	-0.999463	0.075467	0.013125	-0.067194	0.124012	-0.311474	-0.942127	0.560435	0.805507	-0.192537	0.81886	-0.504125	0.274453	-1e-06	7e-06	1e-05	-7e-06	6e-06	-1.7e-05	-0.566637
0.045351	0.019118	-0.026556	0.389748	0.536968	0.748171	-0.897744	0.402652	0.178679	-0.205308	-0.741306	0.638993	-0	-1.4e-05	-2.1e-05	-6e-06	-9e-06	1.2e-05	-0.999463	0.075467	0.013129	-0.067197	0.123996	-0.311481	-0.942127	0.560415	0.805516	-0.192557	0.818876	-0.504106	0.274439	-4e-06	5e-06	1e-05	-7e-06	5e-06	-2.4e-05	-0.566964
0.045338	0.01912	-0.026579	0.389671	0.536965	0.748213	-0.897758	0.402666	0.178575	-0.205392	-0.741301	0.638973	-1e-06	-0.000235	-0.00034	-7e-06	-1.1e-05	1.4e-05	-0.999789	0.075467	0.013158	-0.067227	0.123891	-0.311522	-0.942127	0.560252	0.805594	-0.192703	0.819004	-0.503955	0.274337	-2.6e-05	0.005192	-0.004591	0.035637	-0.012538	0.018578	-0.566964
0.045275	0.019134	-0.026615	0.389473	0.536965	0.748316	-0.897799	0.402688	0.17832	-0.205586	-0.741289	0.638923	2e-06	-3.8e-05	-5e-05	-9e-06	-1e-05	7e-06	-0.999789	0.075492	0.013261	-0.067402	0.123679	-0.311572	-0.942138	0.559492	0.806024	-0.193111	0.819555	-0.503236	0.27401	-0.000242	0.003424	-0.007031	0.034827	0.000972	-0.006872	-0.566964
0.045064	0.019237	-0.02664	0.38911	0.536978	0.748496	-0.897826	0.402904	0.177693	-0.206155	-0.741162	0.638887	-0.007985	0.001044	0.002483	-0.00022	0.000532	-0.00451	-0.990808	0.075503	0.013519	-0.067849	0.119642	-0.306898	-0.944192	0.559924	0.806205	-0.191096	0.819859	-0.505813	0.268296	-0.000474	0.007127	-0.013647	-5.207931	-1.556357	0.634635	-0.568597
0.044791	0.019359	-0.02665	0.394743	0.538554	0.744403	-0.896362	0.403656	0.183291	-0.201771	-0.739608	0.64208	-0.016446	0.00687	-0.000251	0.022408	0.125395	-0.214046	-0.970724	0.0755	0.013702	-0.068162	0.11668	-0.303052	-0.945803	0.559181	0.807069	-0.189616	0.820793	-0.506751	0.26363	-0.000464	0.006955	-0.013946	0.161957	-0.653201	-0.329855	-0.56925
0.043982	0.019829	-0.026687	0.406769	0.542137	0.735272	-0.89302	0.405574	0.194997	-0.192493	-0.735932	0.649114	-0.025299	0.020719	-0.003621	0.112557	-0.005921	0.008932	-0.954068	0.075484	0.014159	-0.068926	0.109286	-0.292363	-0.950041	0.55352	0.811768	-0.186138	0.825633	-0.505525	0.250543	-0.000613	0.01113	-0.019992	0.151822	-0.288043	-0.114459	-0.569413
0.042803	0.020685	-0.026732	0.427396	0.547264	0.719606	-0.886169	0.411184	0.213615	-0.178987	-0.728991	0.660707	-0.033509	0.029113	-0.002934	0.144192	-0.024711	0.031417	-0.950965	0.075447	0.014709	-0.069811	0.097652	-0.277466	-0.955759	0.551221	0.81467	-0.180188	0.828624	-0.509238	0.2325	-0.000592	0.011261	-0.019858	0.242685	-0.794836	-0.397839	-0.56827
0.042106	0.021227	-0.026758	0.439851	0.549852	0.710065	-0.88143	0.41581	0.224014	-0.172078	-0.724406	0.667551	-0.041298	0.029535	-0.001587	0.154949	-0.112665	0.171102	-0.9477	0.075424	0.015014	-0.070257	0.090632	-0.269834	-0.958631	0.552367	0.814579	-0.177064	0.828659	-0.513468	0.222874	-0.000517	0.017256	-0.023359	0.252209	-0.607553	-0.271388	-0.566147
0.040566	0.022504	-0.026864	0.453946	0.567971	0.686543	-0.882228	0.394525	0.256947	-0.12492	-0.722328	0.680174	-0.041395	0.036327	-0.004308	-4.083671	-1.394148	-2.856805	-0.82066	0.075348	0.015675	-0.07107	0.080702	-0.253491	-0.963965	0.550126	0.817802	-0.168999	0.831172	-0.516664	0.205451	-0.000192	0.019836	-0.019762	0.227951	-0.553734	-0.234604	-0.545083
0.038891	0.023938	-0.027089	0.471886	0.59661	0.649137	-0.880407	0.358083	0.310899	-0.04696	-0.718215	0.694234	-0.04928	0.04095	-0.009242	-0.976487	-1.729867	2.67927	-0.524124	0.075182	0.016412	-0.071618	0.09438	-0.23361	-0.967739	0.545715	0.825159	-0.14597	0.832638	-0.514333	0.205363	0.000295	0.018239	-0.010099	0.159863	-0.549044	-0.483717	-0.432739
0.037189	0.025396	-0.027449	0.48122	0.626938	0.612678	-0.875915	0.316289	0.364326	0.034626	-0.711975	0.701349	-0.040762	0.033399	-0.00904	-4.026084	-1.729179	-2.327493	-0.226445	0.074917	0.017243	-0.071963	0.124082	-0.205175	-0.970827	0.550887	0.828	-0.10458	0.825303	-0.52184	0.215768	-0.015435	0.021339	-0.005936	0.121222	-0.127773	-0.769877	-0.279899
0.036341	0.026082	-0.027661	0.486114	0.635526	0.599833	-0.871683	0.303813	0.384533	0.062143	-0.709791	0.701664	-0.041003	0.038012	-0.014518	0.078087	-0.301294	1.22003	-0.074258	0.074719	0.017658	-0.072079	0.145799	-0.191841	-0.970535	0.55318	0.829135	-0.08079	0.820203	-0.525102	0.227009	-0.015318	0.021909	-0.005161	-0.289138	1.499624	-2.67877	-0.165106
0.034693	0.027292	-0.028081	0.498401	0.648449	0.57542	-0.860672	0.290387	0.418231	0.104107	-0.703695	0.702832	-0.040059	0.025391	-0.008626	-0.074433	-0.224852	1.073322	0.208398	0.074151	0.018433	-0.07224	0.182334	-0.165293	-0.969243	0.559936	0.82776	-0.03583	0.808223	-0.536182	0.243482	-0.015242	0.022039	-0.005042	0.090511	0.372401	-0.620928	0.136002
0.033241	0.028198	-0.028424	0.503642	0.667214	0.548787	-0.850748	0.272575	0.449366	0.150237	-0.6932	0.704912	-0.031876	0.018367	-0.007362	-0.062683	-0.199436	0.482431	0.361238	0.073596	0.019124	-0.072369	0.212309	-0.143474	-0.966612	0.565281	0.824896	0.001721	0.797108	-0.546773	0.256236	-0.00741	0.014891	-0.003077	0.056293	0.42913	-0.853175	0.371794
0.032625	0.028528	-0.028572	0.508614	0.677131	0.531794	-0.843728	0.268903	0.464557	0.171565	-0.68497	0.708082	-0.031568	0.011693	-0.004847	-0.206381	-0.480543	0.124705	0.41398	0.073404	0.01941	-0.072419	0.226196	-0.13586	-0.96456	0.566045	0.824206	0.016651	0.792734	-0.549751	0.263335	-0.007397	0.014835	-0.003174	0.057327	-0.263035	-1.016968	0.430578
0.031616	0.02894	-0.028787	0.516618	0.698569	0.495081	-0.828351	0.261471	0.495445	0.216653	-0.666057	0.713742	-0.023536	0.005167	-0.002771	-0.062656	-0.531245	0.514576	0.488114	0.073155	0.019879	-0.072491	0.244907	-0.126011	-0.961322	0.578518	0.814658	0.040597	0.778034	-0.566084	0.272416	-0.007453	0.009137	0.000712	-0.023999	0.29551	-0.493912	0.479565
0.030836	0.029033	-0.028846	0.497896	0.726172	0.474102	-0.826484	0.231705	0.513066	0.262722	-0.647291	0.715534	-0.015485	-0.000374	0.0007	0.017637	-0.222396	0.234507	0.514078	0.073076	0.020224	-0.07252	0.236075	-0.130842	-0.962885	0.586379	0.809331	0.03379	0.774872	-0.572592	0.267786	0.008306	0.007346	-0.001525	0.058885	0.035546	-0.056765	0.492629
0.030523	0.029003	-0.028818	0.489937	0.73607	0.467076	-0.826537	0.221901	0.517296	0.277121	-0.639499	0.717107	-0.015184	-0.005955	0.004742	-0.013442	-0.181619	0.24947	0.517507	0.073106	0.020332	-0.07252	0.225053	-0.132377	-0.965311	0.586448	0.809578	0.025704	0.778092	-0.57189	0.259831	0.00032	0.007464	-0.001491	0.030904	0.113716	-0.163653	0.493445
0.030042	0.028929	-0.028699	0.475634	0.750087	0.459499	-0.828596	0.206686	0.520296	0.295296	-0.62821	0.719827	-0.015087	-0.004698	0.006406	-0.046736	-0.067208	0.081552	0.519793	0.073289	0.020455	-0.072481	0.216335	-0.136873	-0.966676	0.591779	0.805891	0.018329	0.776528	-0.576024	0.255341	0.000171	0.001227	0.001679	-0.000527	0.002955	-0.003002	0.478096
0.029746	0.028842	-0.028515	0.469843	0.753972	0.4591	-0.832302	0.205073	0.514992	0.294141	-0.624076	0.723885	0.00045	-0.003868	0.006392	0.193218	-0.139783	-0.327364	0.519466	0.073431	0.020473	-0.07242	0.214392	-0.137797	-0.966978	0.592225	0.805603	0.016504	0.776727	-0.576207	0.254321	0.008074	0.00064	0.000986	0.001818	-0.029311	0.054284	0.465196
0.029619	0.028723	-0.028248	0.462842	0.758613	0.458564	-0.836589	0.20279	0.508914	0.293077	-0.619177	0.728508	0.000517	-0.003109	0.007401	0.020442	-0.083756	-0.057133	0.517833	0.073548	0.02048	-0.072383	0.213968	-0.138026	-0.967039	0.592365	0.805508	0.016096	0.776737	-0.576285	0.254115	9.4e-05	0.000698	0.000952	0.0008	-0.014626	0.024786	0.460297
0.029621	0.028633	-0.028056	0.461247	0.759808	0.458194	-0.837336	0.201956	0.508017	0.293461	-0.617984	0.729366	0.000599	-0.002196	0.008617	0.118643	-0.168246	-0.107849	0.517344	0.07359	0.020489	-0.072378	0.213877	-0.138077	-0.967052	0.592361	0.805513	0.015996	0.776765	-0.576265	0.254072	7.9e-05	0.000589	0.000802	0.000782	-0.01465	0.024791	0.457358
0.02967	0.028364	-0.027603	0.455121	0.764411	0.45666	-0.840632	0.199757	0.503422	0.2936	-0.613002	0.733502	0.000876	-0.007911	0.012484	-0.06085	0.071696	-0.217291	0.51571	0.073633	0.020491	-0.072376	0.21384	-0.138106	-0.967056	0.592367	0.80551	0.015952	0.77677	-0.576263	0.25406	-6e-06	-3.5e-05	-4.9e-05	5.3e-05	5e-06	-2.4e-05	0.452786
0.029706	0.027976	-0.027094	0.450855	0.766767	0.456942	-0.842502	0.196477	0.501583	0.294819	-0.611116	0.734586	0.000822	-0.008469	0.011726	0.044067	-0.124281	-0.105228	0.511791	0.073661	0.020474	-0.07239	0.213691	-0.138183	-0.967078	0.592414	0.805477	0.015811	0.776775	-0.57629	0.253986	-3.3e-05	-0.000234	-0.000322	4.1e-05	-1.4e-05	4e-06	0.44854
0.029747	0.027491	-0.026506	0.446523	0.769521	0.456566	-0.844198	0.193196	0.500005	0.296558	-0.608696	0.735894	0.000854	-0.008101	0.012206	-0.007808	-0.075052	-0.073663	0.50526	0.073696	0.020473	-0.072399	0.213565	-0.138249	-0.967096	0.592417	0.805478	0.015679	0.776808	-0.576273	0.253923	-5e-06	-2.6e-05	-3.5e-05	2.5e-05	-4e-06	-2.6e-05	0.442988
0.029762	0.027261	-0.026218	0.44496	0.770433	0.456556	-0.84465	0.191614	0.499851	0.297619	-0.608043	0.736006	0.001157	-0.013551	0.016438	0.136688	-0.229802	-0.191413	0.501178	0.07372	0.020467	-0.072398	0.213494	-0.13829	-0.967106	0.592451	0.805454	0.015612	0.776801	-0.576297	0.25389	-1e-06	7e-06	9e-06	1.6e-05	-6e-06	-5.2e-05	0.440212
0.029782	0.026783	-0.025602	0.438478	0.775044	0.455019	-0.847677	0.188417	0.495926	0.298631	-0.603162	0.739604	0.001208	-0.01299	0.017171	-0.051804	-0.062241	-0.093008	0.489257	0.073768	0.020468	-0.072397	0.213436	-0.13833	-0.967113	0.592463	0.805447	0.015547	0.776808	-0.576298	0.253867	0.007927	-0.000421	-0.000476	0.001004	-0.014718	0.029524	0.434987
0.029842	0.026358	-0.024998	0.431135	0.780648	0.452449	-0.851244	0.185645	0.490835	0.299174	-0.596761	0.74456	0.001247	-0.012547	0.017742	-0.000347	-0.122588	-0.134164	0.478317	0.073803	0.020466	-0.072399	0.213306	-0.138399	-0.967132	0.592488	0.805431	0.015417	0.776825	-0.576303	0.253803	-1e-06	1e-06	-2e-06	2.2e-05	-6e-06	-1.5e-05	0.430088
0.029865	0.026145	-0.024661	0.42637	0.784372	0.450518	-0.853631	0.184166	0.487233	0.299201	-0.592318	0.748088	0.001295	-0.01199	0.018459	0.267447	-0.398765	-0.267082	0.473745	0.073815	0.020465	-0.0724	0.213262	-0.138422	-0.967139	0.592497	0.805426	0.015374	0.776831	-0.576305	0.253782	-0	1e-06	-2e-06	2.2e-05	4e-06	-1.5e-05	0.427312
0.029896	0.025749	-0.023975	0.414771	0.793724	0.444933	-0.85963	0.181489	0.477594	0.298327	-0.580571	0.757586	-0.006665	-0.005354	0.016294	0.397326	-0.575791	-0.426871	0.465417	0.073821	0.020465	-0.0724	0.21324	-0.138434	-0.967142	0.592501	0.805423	0.015352	0.776833	-0.576306	0.253771	0	1e-06	-2e-06	2.1e-05	4e-06	-1.8e-05	0.423394
0.029916	0.025378	-0.023179	0.401422	0.805589	0.435758	-0.866505	0.179916	0.465615	0.296695	-0.564495	0.77027	0.001521	-0.009392	0.021781	0.471795	-0.628575	-0.41042	0.454966	0.073815	0.020461	-0.072397	0.213278	-0.138417	-0.967136	0.592514	0.805412	0.015393	0.776813	-0.576325	0.253791	-0.00793	0.00042	0.00047	-0.000965	0.014709	-0.029574	0.421434
0.029911	0.025226	-0.022754	0.394361	0.811964	0.43034	-0.870125	0.179312	0.459052	0.295569	-0.555482	0.777224	-0.006147	-0.008412	0.023567	0.164435	-0.41103	-0.094915	0.445985	0.073815	0.020461	-0.072397	0.213278	-0.138417	-0.967136	0.592514	0.805412	0.015393	0.776813	-0.576325	0.253791	-1e-06	0	-2e-06	1.9e-05	-1.4e-05	-1.9e-05	0.420291
0.029892	0.024999	-0.02185	0.37907	0.825595	0.417968	-0.877982	0.178196	0.444288	0.292321	-0.535385	0.792407	0.001808	-0.006091	0.025914	0.304233	-0.488895	-0.300336	0.413654	0.073815	0.020465	-0.0724	0.213262	-0.138422	-0.967139	0.592496	0.805426	0.015373	0.776831	-0.576305	0.253782	-0	1e-06	-2e-06	2e-05	-1e-06	-1.7e-05	0.419148
0.029856	0.024899	-0.020869	0.364451	0.838914	0.404225	-0.885371	0.177629	0.42961	0.288604	-0.514462	0.807487	0.001957	-0.004313	0.028031	0.406595	-0.685047	-0.143795	0.384915	0.073816	0.020463	-0.072393	0.213259	-0.138426	-0.967139	0.592517	0.80541	0.015375	0.776815	-0.576326	0.253781	1.6e-05	0.000131	0.000179	1.8e-05	-4e-06	-1.3e-05	0.415229
0.029804	0.02489	-0.019861	0.351446	0.850679	0.390935	-0.891836	0.177173	0.416218	0.284805	-0.494928	0.820933	-0.005998	0.001982	0.025209	0.392407	-0.519332	-0.317372	0.3663	0.07381	0.020468	-0.072396	0.213265	-0.138419	-0.967138	0.592495	0.805427	0.015377	0.776831	-0.576304	0.253782	-1e-06	-2e-06	-6e-06	1.3e-05	-1.5e-05	-7e-06	0.409514
0.029787	0.02492	-0.019355	0.3458	0.855796	0.384751	-0.894597	0.177003	0.410324	0.283052	-0.486088	0.8268	0.001773	0.00259	0.025333	0.360094	-0.506947	-0.235024	0.352093	0.073803	0.020466	-0.072398	0.213306	-0.138399	-0.967132	0.592487	0.805432	0.015417	0.776826	-0.576302	0.253803	-3e-05	-0.00022	-0.000306	1e-05	-8e-06	-1.4e-05	0.407881
0.02977	0.025066	-0.018352	0.337137	0.863606	0.374863	-0.898701	0.176586	0.401438	0.280489	-0.47223	0.835657	0.001568	0.009213	0.022319	0.137309	-0.247687	-0.057088	0.326947	0.073786	0.020469	-0.072394	0.213351	-0.138373	-0.967126	0.592478	0.805437	0.015464	0.77682	-0.5763	0.253824	1e-06	1e-05	1.4e-05	8e-06	8e-06	0	0.404615
0.029753	0.025296	-0.017368	0.330931	0.868464	0.369126	-0.901438	0.175247	0.395849	0.279093	-0.463743	0.840861	0.001869	0.003906	0.02649	-0.034743	-0.086775	0.018438	0.308658	0.073786	0.020469	-0.072394	0.213351	-0.138373	-0.967126	0.592478	0.805438	0.015463	0.77682	-0.5763	0.253824	1e-06	-1e-06	-3e-06	2e-06	2e-06	-1.2e-05	0.403799
0.029747	0.025387	-0.016872	0.327598	0.870422	0.367483	-0.90284	0.173749	0.393307	0.278493	-0.460625	0.842772	-0.006168	0.008526	0.02166	0.137964	-0.115689	-0.26658	0.302126	0.073786	0.020468	-0.072395	0.213371	-0.138364	-0.967123	0.592474	0.80544	0.015482	0.776818	-0.576299	0.253835	-6.8e-05	-0.000506	-0.000695	1e-06	1.6e-05	-1.9e-05	0.404125
0.029721	0.025434	-0.015855	0.319562	0.872489	0.369652	-0.906947	0.168636	0.386016	0.274458	-0.458611	0.845191	-0.005967	0.001886	0.024272	-0.045332	-0.065287	-0.001805	0.299677	0.073791	0.020468	-0.072405	0.213353	-0.138372	-0.967126	0.592457	0.805453	0.015458	0.776836	-0.576279	0.253825	-0	-2e-06	-3e-06	2e-06	-4e-06	-5e-06	0.403962
0.029697	0.025396	-0.014898	0.313528	0.87299	0.373613	-0.910432	0.164552	0.379519	0.269838	-0.459139	0.84639	0.001637	0.001486	0.023109	0.388289	-0.501014	-0.184258	0.297391	0.073803	0.020464	-0.07241	0.213329	-0.138386	-0.967129	0.592462	0.80545	0.015433	0.776839	-0.576279	0.253815	-1e-06	8e-06	1.1e-05	3e-06	-3e-06	-6e-06	0.403799
0.029711	0.025362	-0.01396	0.308794	0.875264	0.372233	-0.912473	0.162178	0.375619	0.268398	-0.455642	0.848735	0.001553	0.000601	0.021925	-0.035432	-0.067881	0.001578	0.296574	0.073802	0.020462	-0.072413	0.210536	-0.139631	-0.967562	0.592734	0.805296	0.012761	0.777392	-0.576194	0.252307	1e-06	6e-06	9e-06	-0.000528	0.001319	-0.002175	0.400859
0.029708	0.025337	-0.013518	0.3048	0.87642	0.372806	-0.914469	0.159915	0.371715	0.266162	-0.454218	0.850201	0.001505	5.4e-05	0.021226	0.167054	-0.279035	-0.107193	0.296411	0.073796	0.020462	-0.072413	0.210576	-0.139611	-0.967556	0.59273	0.805299	0.012801	0.777385	-0.576195	0.252328	-1e-06	3e-06	9e-06	-5.1e-05	0.000194	-0.000273	0.3989
0.029681	0.025285	-0.012694	0.29944	0.879548	0.369769	-0.916314	0.157096	0.368359	0.2659	-0.449126	0.852984	0.001398	-0.001146	0.01973	0.233734	-0.34053	-0.141555	0.295268	0.073791	0.020465	-0.072409	0.21058	-0.139607	-0.967555	0.592729	0.805299	0.012807	0.777384	-0.576196	0.25233	1e-06	2.5e-05	3.9e-05	1.7e-05	-6e-06	-4e-06	0.393838
0.02963	0.025258	-0.011962	0.295031	0.882134	0.367145	-0.91775	0.154702	0.365788	0.265876	-0.444866	0.855221	0.001311	-0.002157	0.018485	-0.09039	-0.005732	0.038243	0.292656	0.073791	0.020465	-0.072408	0.210581	-0.139607	-0.967555	0.592729	0.805299	0.012807	0.777384	-0.576196	0.25233	-1e-06	-2e-06	-1e-06	1.1e-05	-1.1e-05	-1.2e-05	0.389756
0.029583	0.025252	-0.01165	0.291708	0.88405	0.365186	-0.919109	0.153355	0.362934	0.264849	-0.441517	0.857273	0.000933	0.002257	0.013028	0.115657	-0.185471	-0.07023	0.290206	0.073791	0.020465	-0.072408	0.207876	-0.140812	-0.967966	0.592974	0.805156	0.010217	0.777925	-0.576103	0.25087	-1e-06	-2e-06	1e-06	-0.001163	0.00282	-0.004696	0.388613
0.02943	0.02526	-0.011159	0.287179	0.886128	0.363735	-0.920744	0.150667	0.359901	0.264116	-0.438263	0.859166	0.000747	1.3e-05	0.010442	0.059345	-0.112969	-0.062153	0.272897	0.073797	0.020465	-0.072409	0.2079	-0.140803	-0.967962	0.592978	0.805153	0.01024	0.777916	-0.576109	0.250884	-1e-06	-2e-06	2e-06	2e-06	5.7e-05	-9.1e-05	0.384694
0.029188	0.025324	-0.010865	0.283541	0.887057	0.364325	-0.922062	0.147817	0.357703	0.26345	-0.437354	0.859834	-0.007312	0.003112	0.004026	0.008137	0.066345	-0.203967	0.214276	0.073797	0.020465	-0.072409	0.2079	-0.140803	-0.967962	0.592978	0.805153	0.01024	0.777916	-0.576109	0.250885	-1e-06	-2e-06	2e-06	1.8e-05	1e-05	-3.3e-05	0.381754
0.028904	0.025397	-0.010779	0.28036	0.885993	0.369342	-0.923604	0.144193	0.355193	0.261442	-0.440709	0.858733	-0.007502	0.00083	0.001446	-0.001629	0.001553	-0.001397	0.08397	0.073797	0.020461	-0.072406	0.207917	-0.140798	-0.967959	0.592996	0.805139	0.01026	0.777898	-0.576129	0.250894	-2e-06	-1e-06	2e-06	1.6e-05	7e-06	-4.4e-05	0.380285
0.028772	0.025425	-0.010785	0.279675	0.885898	0.370089	-0.923876	0.143449	0.354789	0.261218	-0.441142	0.858579	-1.8e-05	-0.000165	-0.000176	0.00034	0.000576	0.001639	0.036289	0.073797	0.020461	-0.072406	0.207917	-0.140798	-0.967959	0.592996	0.805139	0.01026	0.777898	-0.576129	0.250894	-2e-06	-1e-06	2e-06	1.6e-05	7e-06	-4.4e-05	0.379958
0.028564	0.02548	-0.010826	0.278835	0.885786	0.370989	-0.924264	0.142641	0.354102	0.260741	-0.441628	0.858474	-0.007851	0.005433	-0.003765	0.034743	0.003917	-0.010614	-0.036048	0.073791	0.020461	-0.072405	0.207938	-0.140787	-0.967956	0.592992	0.805142	0.010282	0.777895	-0.576128	0.250905	-2e-06	-1e-06	2e-06	1.8e-05	1.1e-05	-3.7e-05	0.377999
0.028433	0.025465	-0.010897	0.276897	0.885514	0.373083	-0.92497	0.140452	0.353133	0.260304	-0.442873	0.857965	-0.00779	-0.002362	-0.002168	-0.003535	0.029652	-0.053579	-0.147413	0.073791	0.020462	-0.072404	0.207919	-0.140795	-0.967959	0.592995	0.80514	0.010264	0.777898	-0.576129	0.250894	5.7e-05	0.000427	0.00059	1.8e-05	2.1e-05	-3.9e-05	0.374243
0.028399	0.025424	-0.010965	0.275466	0.885308	0.374629	-0.925466	0.138803	0.352484	0.260058	-0.443804	0.857558	-0.000332	-0.00361	-0.004073	-0.001562	0.014414	-0.024445	-0.220567	0.073791	0.020468	-0.072405	0.207903	-0.1408	-0.967962	0.592977	0.805154	0.010244	0.777916	-0.576109	0.250885	-0	-2e-06	1e-06	2.1e-05	3e-06	-4e-06	0.371794
0.028426	0.025343	-0.011286	0.295778	0.875245	0.382701	-0.925035	0.162456	0.343391	0.238379	-0.45558	0.857683	-0.000806	-0.000311	-0.010787	0.825892	0.504134	1.382206	-0.391205	0.073791	0.020465	-0.072409	0.207923	-0.140791	-0.967959	0.592973	0.805156	0.010262	0.777914	-0.576107	0.250895	-0	1e-06	2e-06	1.4e-05	-3e-06	-1e-05	0.368201
0.02859	0.025345	-0.011768	0.333311	0.853559	0.400425	-0.923177	0.209236	0.322432	0.191432	-0.477133	0.857727	0.006683	-0.001438	-0.012598	1.394971	1.912326	-1.145843	-0.632222	0.073796	0.020462	-0.072413	0.207921	-0.140794	-0.967959	0.592973	0.805156	0.010259	0.777914	-0.576107	0.250895	-2e-06	-1.2e-05	-1.5e-05	1.6e-05	3e-06	-1e-06	0.366732
0.028728	0.025378	-0.012078	0.368688	0.835279	0.407893	-0.916374	0.25297	0.310267	0.155974	-0.488174	0.858695	0.013935	0.003226	-0.018255	0.353366	0.030345	0.664825	-0.773795	0.073796	0.020462	-0.072413	0.20792	-0.140794	-0.967959	0.592973	0.805156	0.010259	0.777914	-0.576107	0.250895	1e-06	4e-06	7e-06	1.4e-05	6e-06	-1.5e-05	0.364935
0.029107	0.025502	-0.012768	0.425611	0.800281	0.422379	-0.899857	0.325068	0.290838	0.09545	-0.503865	0.858491	0.00631	0.002662	-0.01848	1.074156	0.525917	1.393951	-0.973173	0.073791	0.020465	-0.072409	0.207923	-0.140791	-0.967959	0.592973	0.805156	0.010262	0.777914	-0.576107	0.250895	3e-06	3.8e-05	5.5e-05	1.9e-05	1e-06	4e-06	0.361017
0.0296	0.025677	-0.013576	0.474514	0.763716	0.437689	-0.879215	0.38714	0.277674	0.042617	-0.516583	0.855174	0.013943	0.002767	-0.018953	0.091087	-0.011387	0.405024	-0.926145	0.073779	0.02047	-0.072411	0.20795	-0.140773	-0.967956	0.592947	0.805175	0.010286	0.777927	-0.576085	0.250907	1e-06	-3e-06	-2e-06	1.1e-05	1e-06	-7e-06	0.354158
0.030227	0.025997	-0.014442	0.523151	0.717333	0.460157	-0.852035	0.452047	0.263985	-0.018648	-0.530174	0.847682	0.013728	0.009035	-0.022329	0.302643	0.502684	0.490316	-1.004525	0.073761	0.020471	-0.072409	0.208015	-0.140739	-0.967947	0.592934	0.805183	0.010351	0.777918	-0.576082	0.250939	-1.2e-05	-9.7e-05	-0.000129	1.1e-05	1e-05	-1e-06	0.34632
0.030585	0.026161	-0.014891	0.550889	0.687855	0.472626	-0.832976	0.488242	0.260326	-0.05169	-0.537097	0.841934	0.021281	0.008395	-0.023676	0.68088	0.788724	1.675726	-1.02265	0.073761	0.020474	-0.072415	0.208019	-0.140735	-0.967946	0.592913	0.805199	0.010349	0.777934	-0.576061	0.25094	-5.9e-05	-0.000428	-0.000586	5e-06	1.6e-05	-1.2e-05	0.344361
0.031348	0.026418	-0.015807	0.613859	0.610298	0.500711	-0.779249	0.56993	0.260672	-0.126283	-0.550194	0.825432	0.013628	0.007609	-0.024172	0.549232	1.132964	1.581881	-1.006321	0.073761	0.020486	-0.072433	0.20811	-0.140686	-0.967934	0.592814	0.805271	0.010414	0.777985	-0.575972	0.250986	3.2e-05	0.005466	-0.004238	0.035536	-0.013691	0.017933	0.340605
0.032158	0.026628	-0.016626	0.669277	0.517836	0.532834	-0.712611	0.650396	0.263	-0.210363	-0.555724	0.804311	0.021391	0.009272	-0.022863	0.923998	0.916743	1.516559	-1.003055	0.073766	0.020504	-0.072461	0.208051	-0.140701	-0.967945	0.5927	0.805357	0.010328	0.778088	-0.575849	0.250949	-4.6e-05	-0.000345	-0.000473	6e-06	-7e-06	2e-06	0.340442
0.033102	0.026815	-0.017358	0.709734	0.411136	0.572052	-0.631708	0.730839	0.258491	-0.311804	-0.54483	0.778419	0.022129	-0.000822	-0.013565	0.499811	1.393958	1.449052	-0.99881	0.073768	0.020528	-0.072542	0.208056	-0.140673	-0.967947	0.592429	0.805557	0.010268	0.778293	-0.575576	0.25094	-0.000164	-0.001222	-0.001675	-0.0007	0.014652	-0.024796	0.342565
0.033583	0.026852	-0.017652	0.724996	0.356247	0.589464	-0.587699	0.766256	0.259732	-0.359152	-0.534732	0.764899	0.029807	-0.000467	-0.013794	-0.278478	1.058656	0.61663	-0.99881	0.073765	0.020542	-0.072603	0.208089	-0.140639	-0.967945	0.592236	0.805698	0.010254	0.77843	-0.575386	0.250948	-0.000143	0.004158	-0.006031	0.035529	-0.013707	0.017938	0.345014
0.034595	0.026921	-0.018098	0.742738	0.24561	0.622908	-0.49581	0.826974	0.265116	-0.450014	-0.505756	0.736	0.022411	0.003195	-0.008871	0.558592	1.624583	1.02143	-0.986073	0.073757	0.020557	-0.072749	0.208255	-0.140525	-0.967926	0.591812	0.80601	0.010314	0.778709	-0.574979	0.25102	-0.000218	-0.001642	-0.00226	-5e-06	-1.1e-05	-2e-06	0.350566
0.035627	0.027009	-0.018315	0.740847	0.143896	0.656078	-0.409051	0.871409	0.270779	-0.532749	-0.468975	0.704442	0.022874	-0.000227	-0.002258	0.618914	1.661722	1.225261	-0.992115	0.073753	0.020569	-0.072927	0.208489	-0.140376	-0.967897	0.591314	0.806373	0.010421	0.779024	-0.574504	0.251126	-0.000252	0.003356	-0.007143	0.034818	0.00097	-0.006868	0.353505
0.0361	0.02705	-0.01838	0.735023	0.099615	0.670684	-0.369823	0.887962	0.273413	-0.568306	-0.448999	0.689512	0.022514	0.005931	-0.005603	3.446742	2.775972	3.531231	-0.994074	0.073759	0.020569	-0.073024	0.209067	-0.139937	-0.967836	0.586348	0.810002	0.009544	0.782615	-0.569484	0.251396	-0.000248	0.003373	-0.007128	0.07986	-0.01202	0.01119	0.354811
0.037094	0.027147	-0.018449	0.71611	0.015158	0.697822	-0.29046	0.915558	0.278184	-0.63468	-0.4019	0.660043	0.030579	0.001864	-0.000504	-0.119568	1.108022	0.383508	-0.998156	0.07377	0.020551	-0.073234	0.211194	-0.138407	-0.967594	0.571891	0.820295	0.007489	0.792677	-0.55494	0.252395	-0.000417	-0.003086	-0.004261	1.666784	0.087867	-0.208055	0.357261
0.03803	0.027266	-0.018505	0.692842	-0.049877	0.719362	-0.224999	0.932844	0.281383	-0.685088	-0.356809	0.635091	0.02293	0.001727	-4.6e-05	0.116263	0.745701	0.104783	-0.99734	0.073801	0.020495	-0.073461	0.213383	-0.13677	-0.967347	0.556486	0.83084	0.005283	0.802988	-0.539442	0.253397	-0.000461	-0.003427	-0.00476	-0.00215	0.014482	-0.026077	0.360363
0.038957	0.027438	-0.018587	0.663395	-0.115015	0.739376	-0.151968	0.946814	0.283634	-0.732674	-0.300523	0.610633	0.022913	0.001936	0.000155	-0.080355	0.463837	0.002699	-0.997013	0.073823	0.020402	-0.073714	0.216883	-0.134039	-0.966951	0.531438	0.847095	0.001774	0.818862	-0.514259	0.254954	-0.000526	-0.003919	-0.005463	0.001034	0.014614	-0.027574	0.363956
0.039369	0.027564	-0.018645	0.647531	-0.142774	0.748544	-0.122656	0.949956	0.287294	-0.752102	-0.277845	0.597614	0.022484	0.007549	-0.003892	-0.335625	0.625407	0.333121	-1.001912	0.073825	0.020347	-0.073844	0.218974	-0.132342	-0.966713	0.516669	0.856184	-0.000178	0.827709	-0.499432	0.255859	-0.000525	0.001375	-0.009944	1.700906	0.070336	-0.192079	0.367221
0.040175	0.027898	-0.018783	0.608497	-0.200108	0.76791	-0.06426	0.95208	0.29902	-0.790949	-0.231299	0.566479	0.022464	0.008571	-0.002698	-0.070881	1.056318	0.531921	-1.004035	0.073826	0.020222	-0.074118	0.222729	-0.129174	-0.966284	0.490884	0.871218	-0.003316	0.842272	-0.473595	0.257455	-0.000606	0.000794	-0.01079	1.699876	0.082921	-0.217109	0.376692
0.040951	0.028441	-0.018985	0.569863	-0.241456	0.785464	-0.03301	0.948357	0.315479	-0.821075	-0.205708	0.532463	0.021995	0.015572	-0.005093	-0.390008	0.796046	0.254972	-1.007627	0.0738	0.020079	-0.074426	0.226865	-0.125329	-0.965828	0.459431	0.888182	-0.007337	0.858751	-0.442067	0.259078	-0.00074	-0.005442	-0.007666	1.663676	0.094544	-0.23657	0.394165
0.041299	0.028751	-0.019085	0.556664	-0.251013	0.791906	-0.030629	0.946408	0.321516	-0.830172	-0.203232	0.519143	0.02152	0.021576	-0.008663	-0.135739	0.475119	0.070309	-1.012036	0.073785	0.019991	-0.074603	0.229396	-0.122753	-0.965561	0.437875	0.898977	-0.010259	0.869277	-0.420442	0.259972	-0.000767	-0.005665	-0.008007	0.494895	0.048941	-0.10932	0.408044
0.042022	0.029435	-0.01935	0.538576	-0.272464	0.797307	-0.015836	0.942832	0.332891	-0.842427	-0.191913	0.503473	0.021413	0.020903	-0.009506	-0.311622	0.023813	0.855646	-1.01122	0.073775	0.019735	-0.074956	0.235405	-0.115625	-0.964994	0.373777	0.927304	-0.019929	0.897147	-0.356002	0.26151	-0.00099	-0.007259	-0.010327	1.670008	-0.009816	-0.070336	0.442825
0.042705	0.030213	-0.019671	0.538029	-0.285782	0.793002	-0.010999	0.938313	0.345611	-0.842854	-0.194671	0.501696	0.021329	0.021794	-0.00848	0.033163	0.074645	0.119934	-1.0122	0.073869	0.019382	-0.075386	0.24168	-0.106627	-0.964479	0.290989	0.956164	-0.032791	0.925697	-0.272728	0.262112	0.006758	-0.009561	-0.013596	1.704939	0.092999	-0.241815	0.466339
0.043039	0.03067	-0.019837	0.536394	-0.292329	0.791723	-0.008215	0.936243	0.351255	-0.843927	-0.194915	0.499794	0.013727	0.02243	-0.006948	0.052401	0.017864	0.230966	-1.016282	0.073957	0.019163	-0.075655	0.244919	-0.101205	-0.964246	0.241464	0.969566	-0.040431	0.938993	-0.222929	0.261902	0.006531	-0.016061	-0.010999	5.592433	0.239556	-0.770837	0.470584
0.043608	0.031618	-0.02013	0.531262	-0.307313	0.789505	-0.00248	0.931323	0.364183	-0.847203	-0.195435	0.494014	0.013633	0.023633	-0.005541	-0.011426	0.112123	0.301963	-1.018894	0.074136	0.01873	-0.076252	0.24759	-0.089492	-0.964722	0.153203	0.986813	-0.052223	0.956675	-0.134869	0.258036	0.006504	-0.011811	-0.017088	0.149445	-0.036284	0.084634	0.476789
0.044085	0.032645	-0.020393	0.524395	-0.323253	0.787729	0.002833	0.925791	0.378023	-0.85147	-0.196001	0.486396	0.00603	0.023757	-0.004622	-0.139902	0.390472	0.210072	-1.021834	0.074305	0.018281	-0.076936	0.242397	-0.076556	-0.967151	0.087919	0.994513	-0.056687	0.966184	-0.07129	0.247797	0.0065	-0.012035	-0.017628	0.495483	-0.695154	-0.337834	0.490506
0.044486	0.033609	-0.020571	0.525807	-0.331151	0.783495	-0.001993	0.920623	0.390446	-0.850601	-0.206861	0.48341	0.005955	0.02441	-0.003882	0.032204	0.054026	0.220913	-1.026242	0.074422	0.017851	-0.077599	0.232568	-0.064018	-0.97047	0.029223	0.99784	-0.058821	0.97214	-0.01468	0.233936	-0.001511	-0.010596	-0.016014	5.50386	-0.044349	-0.528764	0.496221
0.044666	0.034049	-0.020633	0.528597	-0.333516	0.780609	-0.003936	0.918611	0.395142	-0.848863	-0.211944	0.484262	0.005925	0.024375	-0.003942	0.12516	-0.077819	0.128623	-1.027712	0.074438	0.017653	-0.077896	0.226939	-0.057414	-0.972215	-0.002816	0.998218	-0.059606	0.973904	0.016265	0.226373	0.006794	-0.010096	-0.015021	0.15358	-0.615874	-0.216717	0.50014
0.045054	0.034872	-0.020683	0.533592	-0.33376	0.777099	-0.009208	0.91649	0.399951	-0.845691	-0.220566	0.485958	0.01379	0.019598	0.000172	-0.42183	0.361782	0.437478	-1.029998	0.074384	0.01729	-0.078424	0.2178	-0.037675	-0.975265	-0.052796	0.997336	-0.050318	0.974563	0.06245	0.21523	-0.001024	-0.007637	-0.011569	0.079189	0.285585	-0.740541	0.506018
0.045406	0.035562	-0.020633	0.53508	-0.336985	0.77468	-0.010825	0.914187	0.405147	-0.844732	-0.225172	0.485515	0.006289	0.019529	0.000848	0.000427	0.137158	0.015621	-1.032611	0.074216	0.017049	-0.078802	0.212217	-0.01355	-0.977128	-0.080279	0.996282	-0.031251	0.973918	0.085075	0.21034	-0.008863	-0.005013	-0.007786	0.149423	0.112074	-0.274032	0.507161
0.045572	0.035899	-0.020577	0.534089	-0.340457	0.773845	-0.009295	0.912909	0.408055	-0.845376	-0.225131	0.484411	0.006255	0.019898	0.001247	0.059533	-0.031747	0.140318	-1.032774	0.074082	0.016964	-0.078926	0.210582	-0.003922	-0.977567	-0.082034	0.996393	-0.021669	0.974127	0.084757	0.209501	-0.008677	-0.003576	-0.005611	0.003224	-0.032263	-0.080677	0.507325
0.045877	0.036463	-0.020418	0.53176	-0.346193	0.772904	-0.007348	0.910712	0.412975	-0.846863	-0.225283	0.481737	0.006732	0.013486	0.004248	0.045579	-0.051602	0.100821	-1.033264	0.073757	0.016856	-0.079039	0.214603	0.003221	-0.976695	-0.083002	0.996437	-0.014951	0.973167	0.084277	0.214106	-0.008244	-0.000394	-0.000749	-0.004168	0.01727	-0.02677	0.506835
0.046107	0.036943	-0.020287	0.525273	-0.350629	0.775336	-0.008218	0.909027	0.416655	-0.850893	-0.225229	0.474606	-0.000635	0.011195	0.002402	0.004607	0.017106	0.110952	-1.034734	0.073461	0.016832	-0.07894	0.216703	0.007699	-0.976206	-0.083309	0.996467	-0.010634	0.972675	0.083631	0.216579	-0.007866	0.002274	0.003332	-0.002723	-5e-06	-0.004224	0.506345
0.046261	0.037329	-0.020248	0.512791	-0.359951	0.77941	-0.011265	0.904961	0.425344	-0.858438	-0.226893	0.460001	-0.000578	0.008373	-0.000833	-0.078654	0.166767	0.148062	-1.03555	0.073179	0.016853	-0.078649	0.220683	0.009019	-0.975303	-0.082648	0.996533	-0.009486	0.971837	0.0827	0.220663	-0.007563	-0.000918	0.011044	-0.039095	0.00126	-0.029348	0.502589
0.046316	0.037494	-0.020285	0.501915	-0.370857	0.781374	-0.002065	0.902893	0.429858	-0.864914	-0.217366	0.452409	-0.000552	0.007182	-0.002189	-0.027848	0.099551	0.102333	-1.031794	0.07307	0.016877	-0.078434	0.225655	0.007481	-0.974178	-0.081718	0.996591	-0.011276	0.970773	0.082152	0.225497	-0.007413	9.6e-05	0.01257	-0.030944	0.356315	0.179139	0.500957
0.046392	0.037758	-0.020469	0.474237	-0.39649	0.786062	0.02616	0.898802	0.437573	-0.880008	-0.18695	0.436617	-0.000478	0.004017	-0.005788	0.100322	0.157658	0.145456	-1.021997	0.072894	0.016966	-0.077879	0.232175	0.006685	-0.97265	-0.08015	0.996706	-0.012282	0.969365	0.08081	0.231946	-0.006981	0.002995	0.016891	-0.038552	0.320417	-0.039198	0.499324
0.046399	0.037887	-0.020815	0.441024	-0.421087	0.792579	0.051848	0.89358	0.445897	-0.895995	-0.155558	0.415923	-0.000391	0.000487	-0.009818	-0.410761	0.634774	0.456529	-1.018241	0.072804	0.017145	-0.077201	0.234992	0.011037	-0.971934	-0.073904	0.997243	-0.006544	0.969183	0.073368	0.23516	0.001464	0.010065	0.015101	0.001922	-0.047509	0.074171	0.49916
0.046394	0.037915	-0.021033	0.433566	-0.426489	0.793805	0.04992	0.890923	0.451402	-0.899737	-0.156086	0.407564	-0.000895	0.005664	-0.014298	-0.05712	0.285823	-0.019569	-1.02265	0.072779	0.017278	-0.076826	0.238679	0.010072	-0.971045	-0.067427	0.997704	-0.006225	0.968754	0.06696	0.23881	0.001576	0.010836	0.016162	-0.00629	0.053475	-0.096565	0.501773
0.04641	0.037917	-0.021511	0.41987	-0.435569	0.796233	0.058473	0.88847	0.455192	-0.905698	-0.144564	0.398511	-0.000341	-0.001203	-0.011813	-0.221919	0.457974	0.043269	-1.012363	0.072835	0.017589	-0.076097	0.241555	0.016615	-0.970244	-0.067717	0.997704	0.000227	0.968021	0.065647	0.242126	0.001549	0.005533	0.020447	-0.037857	0.06303	-0.104407	0.506019
0.046462	0.03783	-0.021955	0.417163	-0.432979	0.799063	0.05758	0.890046	0.452218	-0.907005	-0.142639	0.396226	-0.000335	-0.001414	-0.012104	0.03367	0.016825	-0.032319	-1.012363	0.072946	0.017904	-0.075442	0.248104	0.02125	-0.968499	-0.062131	0.998049	0.005982	0.966738	0.05869	0.248941	0.001338	0.009386	0.013673	-0.006016	0.069863	-0.113386	0.510264
0.046485	0.037784	-0.02216	0.417009	-0.432715	0.799287	0.057865	0.890254	0.451773	-0.907057	-0.142142	0.396283	-0.000357	-0.000519	-0.011087	0.031491	0.020137	-0.030637	-1.014975	0.073014	0.018047	-0.075161	0.249216	0.02167	-0.968204	-0.056258	0.998385	0.007865	0.966812	0.05251	0.250033	0.001195	0.008412	0.012196	0.001136	0.574309	0.175061	0.51157
0.046574	0.037725	-0.022453	0.417029	-0.432797	0.799232	0.058512	0.890307	0.451584	-0.907007	-0.141559	0.396608	-0.000424	0.002089	-0.008076	0.03354	0.004819	-0.006363	-1.016608	0.073134	0.018282	-0.074691	0.25953	0.023033	-0.965459	-0.055967	0.998393	0.008774	0.964111	0.051757	0.260403	0.000929	0.006617	0.009515	-0.007448	0.124635	-0.08815	0.512224
0.046633	0.037675	-0.022613	0.417064	-0.432876	0.799172	0.058812	0.890307	0.451546	-0.906972	-0.141322	0.396773	5.5e-05	-0.001933	-0.002263	-0.002632	0.015732	-0.024155	-1.017262	0.073258	0.018422	-0.074354	0.269242	0.021241	-0.962837	-0.049358	0.998746	0.008231	0.961806	0.045308	0.269953	0.000551	-0.001262	0.01025	-0.045598	0.130014	-0.14496	0.512223
0.046665	0.037659	-0.022682	0.417148	-0.433005	0.799058	0.059013	0.890257	0.451617	-0.90692	-0.141236	0.396922	2.4e-05	-0.00081	-0.00095	-0.0024	0.015872	-0.024038	-1.018078	0.073371	0.018438	-0.074112	0.276003	0.022089	-0.960902	-0.048846	0.998766	0.00893	0.959914	0.044471	0.276742	0.000294	0.002155	0.003066	-0.009854	0.076444	-0.184393	0.511897
0.046675	0.037665	-0.0227	0.417229	-0.433124	0.798951	0.05915	0.890204	0.451704	-0.906874	-0.141206	0.397038	1.4e-05	-0.000429	-0.000504	-0.000393	-0.00023	-0.000199	-1.019058	0.0734	0.018417	-0.074006	0.279297	0.022555	-0.959939	-0.048598	0.998774	0.009328	0.958974	0.044046	0.28005	0.00025	-0.003404	0.007171	-0.039317	0.186922	-0.11318	0.510591
