-0.00781	0.039653	0.011743	-0.687575	-0.618499	0.380392	0.683138	-0.728561	0.050199	0.246091	0.294376	0.923461	-0.000912	0.013035	-0.014616	0.106558	-0.032788	0.053641	-0.638101	0.11044	0.039808	-0.050943	-0.63176	0.399399	-0.664348	-0.629642	-0.7643	0.139268	-0.452138	0.506286	0.734333	0.005932	0.002923	-0.005869	0.036438	-0.028792	0.047361	-0.109587
-0.007821	0.039907	0.011431	-0.687372	-0.618701	0.380431	0.682808	-0.729011	0.048109	0.247574	0.29283	0.923556	-0.001246	0.016851	-0.019707	0.143297	-0.032844	0.045157	-0.71795	0.110449	0.039816	-0.051026	-0.631627	0.399435	-0.664453	-0.62953	-0.764463	0.138873	-0.45248	0.50601	0.734312	-0.000309	0.001961	-0.006203	0.034697	-0.00042	-0.007561	-0.130978
-0.007877	0.040543	0.010571	-0.690513	-0.612475	0.384792	0.677408	-0.734094	0.047153	0.253593	0.293221	0.921797	-0.001768	0.017343	-0.026291	0.065364	0.070135	0.100824	-0.706683	0.110458	0.039887	-0.051342	-0.635301	0.398466	-0.661525	-0.627918	-0.765193	0.142117	-0.449566	0.505671	0.736332	0.005426	-0.001073	-0.00802	-0.443645	0.546391	-0.522352	-0.191396
-0.007968	0.041395	0.009176	-0.695167	-0.60218	0.392582	0.669738	-0.740952	0.049399	0.261138	0.297268	0.918389	-0.002724	0.019932	-0.038721	-0.320375	0.466808	0.349606	-0.708969	0.110477	0.040098	-0.051933	-0.640816	0.392781	-0.659603	-0.624553	-0.766361	0.150411	-0.446416	0.508343	0.736409	-0.000848	0.006442	-0.018314	-0.046651	-0.179946	-0.296874	-0.247568
-0.008031	0.041859	0.008339	-0.698243	-0.596747	0.395409	0.666477	-0.743507	0.054819	0.261277	0.301808	0.916867	-0.003135	0.02229	-0.044406	0.041425	0.18455	0.183536	-0.708806	0.110515	0.040264	-0.052346	-0.642322	0.387511	-0.661254	-0.622408	-0.767192	0.154994	-0.447247	0.511126	0.733975	-0.001029	0.004992	-0.019104	-0.048492	-0.285483	-0.135366	-0.269612
-0.008172	0.04298	0.006308	-0.710984	-0.579311	0.398621	0.65563	-0.751054	0.07789	0.254264	0.316727	0.913801	-0.003828	0.029022	-0.054742	-0.322967	0.450535	0.464665	-0.709622	0.110634	0.040729	-0.053412	-0.643263	0.367784	-0.671526	-0.616328	-0.769106	0.169161	-0.45426	0.522695	0.721413	0.00478	0.011183	-0.030444	0.015921	-0.229562	-0.290593	-0.303903
-0.008349	0.044205	0.003909	-0.722963	-0.555957	0.410164	0.641932	-0.760043	0.101279	0.255436	0.336519	0.906369	-0.00464	0.033806	-0.065931	-0.382032	0.557826	0.720492	-0.709459	0.110751	0.041363	-0.054953	-0.641562	0.333133	-0.690955	-0.608023	-0.770026	0.193303	-0.467658	0.544133	0.696573	0.004184	0.015053	-0.042878	-0.490569	-1.313853	-0.638238	-0.33852
-0.008528	0.045365	0.001402	-0.74106	-0.529157	0.413307	0.623218	-0.771143	0.130136	0.249856	0.354019	0.901244	-0.00474	0.031799	-0.06673	-0.000385	0.135618	0.646771	-0.707173	0.110845	0.042032	-0.056829	-0.637052	0.288711	-0.714709	-0.59887	-0.769142	0.2231	-0.485301	0.570145	0.662884	0.003524	0.014123	-0.050742	-0.267417	-0.980134	-0.512213	-0.358768
-0.008591	0.045937	0.000148	-0.747972	-0.519825	0.412698	0.617214	-0.77342	0.144455	0.244098	0.362771	0.899339	-0.004439	0.027452	-0.061969	-0.276909	0.108569	0.624831	-0.706846	0.110854	0.042372	-0.057896	-0.633111	0.26452	-0.72746	-0.594257	-0.768312	0.237809	-0.496012	0.582858	0.64362	-0.002765	0.017188	-0.056205	-0.467645	-1.360807	-0.786662	-0.362034
-0.008587	0.046969	-0.002232	-0.754417	-0.505424	0.418808	0.611465	-0.773139	0.168422	0.238673	0.383147	0.892318	0.001691	0.023646	-0.05735	-0.256946	0.327352	0.577431	-0.705213	0.110718	0.042979	-0.060139	-0.623117	0.216022	-0.751703	-0.585467	-0.766106	0.265156	-0.518606	0.605321	0.603848	-0.003255	0.013471	-0.058534	-0.057442	-1.769843	-0.069233	-0.346032
-0.008388	0.047603	-0.004278	-0.761786	-0.476959	0.438396	0.597774	-0.778353	0.191912	0.249692	0.408258	0.878053	0.007941	0.012478	-0.049895	0.571872	2.636731	-0.62581	-0.70505	0.110366	0.043458	-0.062388	-0.605545	0.170163	-0.777404	-0.58254	-0.760318	0.287336	-0.542181	0.626865	0.559534	-0.009671	0.012484	-0.059227	-3.778834	-1.122949	4.388064	-0.292962
-0.008201	0.047758	-0.005165	-0.759569	-0.462474	0.457352	0.594758	-0.778481	0.200572	0.263281	0.424362	0.866371	0.008163	0.006585	-0.046223	-0.196609	1.166868	0.219539	-0.70505	0.110085	0.043657	-0.063503	-0.587142	0.155905	-0.794328	-0.593201	-0.750558	0.291161	-0.550796	0.642149	0.533167	-0.015831	0.012481	-0.059283	0.373511	-2.800991	1.262522	-0.258018
-0.00759	0.04762	-0.00684	-0.750766	-0.418119	0.511396	0.583964	-0.781972	0.217956	0.308766	0.462271	0.831245	0.020093	-0.009747	-0.042473	-0.361646	0.877093	0.703489	-0.733952	0.109211	0.043891	-0.065723	-0.523674	0.141538	-0.840078	-0.639467	-0.716856	0.277843	-0.56289	0.682702	0.465908	-0.029038	0.003863	-0.057395	-0.047552	-1.668556	0.507607	-0.201356
-0.006488	0.046937	-0.008491	-0.7443	-0.346958	0.570645	0.551912	-0.800675	0.233047	0.376044	0.488403	0.787433	0.038067	-0.020006	-0.043174	0.214082	1.481059	1.328079	-0.752894	0.107968	0.043777	-0.067895	-0.471251	0.120744	-0.873694	-0.676146	-0.685527	0.269958	-0.566346	0.717963	0.404696	-0.036401	-0.005291	-0.056382	-0.782335	-1.589551	0.381309	-0.14747
-0.004791	0.04617	-0.010284	-0.724172	-0.283014	0.628869	0.52317	-0.819583	0.233612	0.449296	0.498181	0.741584	0.044203	-0.018535	-0.050798	-0.328394	1.450829	-0.060778	-0.737055	0.106368	0.043437	-0.069985	-0.432247	0.103091	-0.895842	-0.704957	-0.65812	0.264409	-0.562314	0.745821	0.357145	-0.049547	-0.008968	-0.051923	-0.080188	-1.224741	0.410033	-0.075296
-0.003773	0.045755	-0.01129	-0.706054	-0.246059	0.664034	0.506347	-0.830958	0.230475	0.495075	0.49896	0.711293	0.05643	-0.021362	-0.053919	0.43739	1.845562	0.777974	-0.737218	0.105326	0.043205	-0.070989	-0.417658	0.09396	-0.903732	-0.715222	-0.647432	0.263225	-0.560373	0.756308	0.337607	-0.056276	-0.012802	-0.047245	-0.098241	-1.098387	0.182944	-0.038392
-0.001619	0.044992	-0.013546	-0.64838	-0.186524	0.738113	0.495939	-0.839072	0.22361	0.577622	0.511044	0.636542	0.057047	-0.018502	-0.060778	-0.640288	2.043569	-0.004288	-0.733462	0.103024	0.042649	-0.072696	-0.393052	0.075994	-0.916369	-0.726566	-0.636469	0.258859	-0.563569	0.767549	0.30538	-0.063724	-0.021213	-0.038466	-0.069377	-0.735309	0.115487	0.021209
0.000588	0.044445	-0.016074	-0.593337	-0.12495	0.795197	0.488134	-0.841363	0.232018	0.640059	0.525828	0.560204	0.057386	-0.007186	-0.069687	3.380755	3.877791	2.529588	-0.733952	0.100403	0.041867	-0.074179	-0.376446	0.065942	-0.924088	-0.732631	-0.631706	0.253373	-0.567045	0.772397	0.286114	-0.070715	-0.021617	-0.031881	0.055372	-0.338481	0.317921	0.070849
0.001747	0.044275	-0.017406	-0.563582	-0.0993	0.820069	0.487653	-0.841298	0.233262	0.66676	0.531372	0.522564	0.057808	-0.005621	-0.069371	-0.649113	1.966222	-0.469742	-0.726604	0.099146	0.04144	-0.074731	-0.370159	0.065934	-0.926625	-0.73395	-0.632227	0.248205	-0.569473	0.771972	0.282416	-0.064537	-0.024361	-0.026332	0.038028	-0.30447	0.388618	0.071012
0.004139	0.044219	-0.020115	-0.519332	-0.064696	0.852119	0.492612	-0.837455	0.236644	0.698302	0.542662	0.466788	0.058641	-0.000476	-0.067089	-0.269767	1.359612	-0.445334	-0.726441	0.096607	0.040474	-0.07566	-0.357287	0.065339	-0.931705	-0.737201	-0.632232	0.238362	-0.57348	0.772018	0.274056	-0.058925	-0.027557	-0.021478	0.000451	-0.248045	0.287849	0.063338
0.006663	0.044456	-0.022693	-0.499186	-0.046772	0.865231	0.497651	-0.832907	0.24209	0.709334	0.551432	0.439051	0.065348	0.007985	-0.062557	-0.098058	0.956866	-0.162863	-0.723992	0.094184	0.039479	-0.076478	-0.335219	0.051388	-0.940737	-0.716895	-0.66179	0.219305	-0.611301	0.747925	0.258684	-0.059475	-0.025522	-0.020733	1.649447	-1.00866	0.355878	0.058439
0.009244	0.044725	-0.024833	-0.479637	-0.039888	0.876559	0.499521	-0.833708	0.235391	0.721406	0.550762	0.419802	0.066549	0.00726	-0.048163	0.17646	0.261307	-0.19115	-0.728727	0.091862	0.038514	-0.077284	-0.304505	0.038525	-0.95173	-0.692015	-0.695534	0.193255	-0.654516	0.717459	0.238453	-0.059965	-0.023593	-0.020013	-0.010206	-0.195807	0.218256	0.057133
0.010569	0.044833	-0.02569	-0.469775	-0.041961	0.881787	0.500303	-0.835625	0.226773	0.727329	0.547694	0.413549	0.06711	0.006263	-0.041306	0.157067	0.231444	-0.199034	-0.732973	0.090815	0.038072	-0.07766	-0.2862	0.039055	-0.957373	-0.691953	-0.699573	0.178316	-0.662789	0.713492	0.227242	-0.05361	-0.023532	-0.020205	-0.008226	-0.237239	0.284936	0.057949
0.013121	0.044902	-0.026982	-0.448046	-0.055535	0.892284	0.518268	-0.829382	0.20862	0.728459	0.555914	0.400384	0.062535	-0.002615	-0.024115	0.028035	0.262847	-0.229901	-0.736402	0.088811	0.037149	-0.078446	-0.251828	0.039115	-0.96698	-0.686761	-0.711219	0.150082	-0.681865	0.70188	0.205968	-0.047553	-0.023469	-0.020731	-0.008798	-0.470062	0.629414	0.055663
0.01544	0.044769	-0.02762	-0.435084	-0.069727	0.897685	0.536332	-0.820888	0.196184	0.723221	0.566814	0.394552	0.050911	-0.005788	-0.009577	-0.017096	0.273915	-0.319867	-0.740647	0.087033	0.036264	-0.07924	-0.227166	0.041411	-0.972974	-0.687531	-0.714401	0.130116	-0.689706	0.698509	0.190759	-0.040751	-0.02148	-0.019511	-0.007212	-0.264142	0.340186	0.110202
0.016533	0.044672	-0.02775	-0.425755	-0.084882	0.900848	0.553392	-0.81211	0.18502	0.715883	0.577296	0.392733	0.051313	-0.007328	-0.002787	0.048878	-0.255941	-0.486933	-0.743587	0.086276	0.035903	-0.079598	-0.219048	0.042544	-0.974785	-0.689032	-0.714101	0.123669	-0.690834	0.698748	0.185737	-0.033755	-0.020428	-0.018642	-0.006273	-0.295619	0.393717	0.15772
0.018511	0.044483	-0.027702	-0.413412	-0.118719	0.902771	0.581273	-0.79756	0.161303	0.700864	0.591442	0.398729	0.045264	-0.007229	0.005937	0.044457	-0.04494	-0.31675	-0.752731	0.084764	0.035262	-0.080312	-0.209916	0.043348	-0.976757	-0.69045	-0.713903	0.116703	-0.692252	0.6989	0.179789	-0.039235	-0.010217	-0.019246	0.028407	0.022675	-0.087834	0.269737
0.020157	0.044222	-0.0274	-0.402665	-0.174903	0.898481	0.626187	-0.768585	0.131016	0.667644	0.615374	0.419005	0.039487	-0.010628	0.011948	-0.198357	-0.447423	-1.066728	-0.758119	0.083386	0.03484	-0.080938	-0.210527	0.04221	-0.976676	-0.6898	-0.714349	0.117817	-0.692715	0.698515	0.179506	-0.038257	-0.005932	-0.015782	0.02834	0.006	-0.064339	0.350239
0.020927	0.044057	-0.02717	-0.396987	-0.20335	0.895013	0.641915	-0.758493	0.112392	0.656007	0.619142	0.431645	0.033183	-0.010565	0.012641	0.190115	-0.321471	-0.66493	-0.75616	0.082677	0.034713	-0.081216	-0.2135	0.042311	-0.976025	-0.693044	-0.710703	0.12079	-0.688554	0.702218	0.181058	-0.03735	-0.002607	-0.012921	-0.117728	0.122894	-0.176993	0.379305
0.022233	0.043683	-0.026698	-0.379701	-0.259647	0.887924	0.677737	-0.73137	0.075951	0.629682	0.630618	0.453674	0.033279	-0.010714	0.01251	-1.13155	-0.808071	-1.788031	-0.762528	0.081392	0.034602	-0.081575	-0.220971	0.046761	-0.974158	-0.703496	-0.699439	0.126002	-0.675473	0.71316	0.187453	-0.029003	0.001877	-0.00868	-0.117247	0.087967	-0.126166	0.418985
0.023316	0.043346	-0.026338	-0.362839	-0.29303	0.884579	0.705068	-0.707003	0.055	0.609284	0.643645	0.463134	0.020393	-0.009157	0.006929	-0.135788	0.307941	-0.45896	-0.766447	0.080146	0.034614	-0.08168	-0.227636	0.05194	-0.97236	-0.714257	-0.687612	0.130483	-0.661829	0.724218	0.193624	-0.034759	0.002569	0.000556	-0.006109	0.081034	-0.178321	0.43809
0.024242	0.04309	-0.026174	-0.352222	-0.301087	0.886163	0.717747	-0.694556	0.049296	0.600648	0.653404	0.460743	0.019981	-0.005688	0.001518	-0.069939	0.234756	-0.258088	-0.76759	0.078945	0.034764	-0.081566	-0.230296	0.05442	-0.971597	-0.725615	-0.674888	0.13419	-0.648417	0.735909	0.194913	-0.033237	0.00719	0.004736	0.064948	-0.465099	0.591747	0.44854
0.024669	0.042992	-0.026163	-0.348782	-0.29836	0.888443	0.719303	-0.692916	0.049685	0.600793	0.65639	0.456288	0.020213	-0.007057	0.000412	-0.043895	0.091859	-0.119184	-0.769223	0.078357	0.034879	-0.081466	-0.232971	0.058234	-0.970738	-0.729036	-0.671088	0.134706	-0.643607	0.739086	0.198799	-0.03307	0.007697	0.00517	-0.005355	0.067888	-0.153744	0.452949
0.025418	0.042898	-0.026332	-0.343791	-0.305969	0.8878	0.731475	-0.680114	0.048863	0.588855	0.666203	0.457626	0.019831	-0.003828	-0.005225	0.004702	-0.027366	0.065125	-0.770693	0.077202	0.035113	-0.081189	-0.226103	0.062285	-0.97211	-0.733892	-0.667105	0.127953	-0.64053	0.742355	0.196545	-0.026422	0.002562	0.009854	-0.041614	0.050987	-0.123881	0.442825
0.026115	0.042827	-0.026663	-0.341375	-0.318178	0.884434	0.745351	-0.664905	0.048489	0.572637	0.675768	0.464136	0.020404	-0.007072	-0.007912	0.00453	-0.11148	0.172935	-0.770693	0.076226	0.035369	-0.080892	-0.223896	0.07118	-0.972009	-0.734106	-0.668318	0.120156	-0.641059	0.740461	0.201887	-0.018696	0.007759	0.005927	0.1638	0.545941	0.288387	0.414739
0.02679	0.042728	-0.027116	-0.339434	-0.324895	0.882738	0.747721	-0.662576	0.043653	0.570699	0.67486	0.467831	0.013482	-0.003142	-0.012321	0.048413	-0.101733	0.172838	-0.773142	0.075299	0.03576	-0.080628	-0.22771	0.09033	-0.969529	-0.732905	-0.671447	0.109577	-0.64109	0.735525	0.219099	-0.025373	0.009006	0.006594	0.2189	0.739429	0.354942	0.390735
0.027071	0.042676	-0.027357	-0.338618	-0.329652	0.881287	0.75078	-0.659222	0.041886	0.567156	0.675837	0.47072	0.013453	-0.002782	-0.012066	-0.008922	0.003778	0.023028	-0.769713	0.074874	0.03591	-0.080525	-0.229073	0.103174	-0.967925	-0.73239	-0.673267	0.101565	-0.641193	0.732165	0.229791	-0.019348	0.005882	0.004137	0.161233	0.444751	0.43259	0.385347
0.027637	0.042625	-0.027862	-0.339663	-0.336143	0.878428	0.759879	-0.648456	0.045682	0.554266	0.683016	0.475685	0.013549	-0.003034	-0.012356	-0.015177	-0.293338	0.346486	-0.776244	0.074027	0.036098	-0.080386	-0.227968	0.135199	-0.964235	-0.73215	-0.676635	0.078224	-0.64186	0.723799	0.253237	-0.020139	0.003768	0.002157	0.299529	0.778982	0.906693	0.380938
0.028174	0.042618	-0.028431	-0.34706	-0.346492	0.871488	0.76805	-0.638267	0.052101	0.53819	0.687428	0.48764	0.019102	0.003388	-0.016191	0.075342	-0.035029	0.08622	-0.780164	0.073265	0.036247	-0.080286	-0.222556	0.172748	-0.959492	-0.729007	-0.682948	0.046135	-0.647314	0.709745	0.277929	-0.019994	0.004186	0.002506	0.758571	0.737749	0.75881	0.366568
0.028412	0.042644	-0.028751	-0.355978	-0.35203	0.865652	0.769638	-0.635847	0.057918	0.530034	0.686857	0.497283	0.006644	0.000443	-0.017172	0.052658	-0.01772	0.044728	-0.785552	0.072918	0.036303	-0.080231	-0.219658	0.189363	-0.957022	-0.722782	-0.690455	0.029276	-0.655237	0.698149	0.288531	-0.020862	-0.001693	0.006202	5.425873	0.195572	-0.960265	0.357261
0.028836	0.042764	-0.029434	-0.37504	-0.369191	0.850318	0.78192	-0.618697	0.076247	0.49794	0.693477	0.520714	0.005695	0.006724	-0.020342	-0.364026	-0.282744	-0.089292	-0.787185	0.072174	0.036261	-0.080161	-0.215809	0.221974	-0.950869	-0.696169	-0.717813	-0.009566	-0.68467	0.659902	0.309443	-0.022581	-0.005942	0.002223	5.387755	0.357974	-0.909478	0.32346
0.029351	0.042989	-0.03013	-0.382252	-0.413905	0.826175	0.816993	-0.569117	0.092882	0.431747	0.710484	0.555704	0.012746	0.003145	-0.01578	-4.414128	-1.599247	-2.824336	-0.78294	0.071402	0.035947	-0.080163	-0.215438	0.244343	-0.945452	-0.663934	-0.746628	-0.04167	-0.716084	0.618741	0.32308	-0.023924	-0.009082	-0.000774	1.725125	0.570238	0.324505	0.294884
0.029944	0.043248	-0.030791	-0.374566	-0.463478	0.803048	0.849287	-0.51902	0.096582	0.372035	0.718196	0.588034	0.011645	0.009948	-0.018503	-3.811623	-2.244402	-3.158145	-0.776734	0.070614	0.035389	-0.080131	-0.228005	0.249365	-0.941185	-0.603776	-0.79456	-0.064251	-0.763851	0.553616	0.331724	-0.018378	-0.016703	0.001698	1.572367	0.232681	-0.224173	0.266471
0.030217	0.043367	-0.031094	-0.369574	-0.484636	0.792806	0.863106	-0.495081	0.099706	0.344182	0.721125	0.601262	0.018804	0.005998	-0.014265	-1.187799	-0.804909	-0.439887	-0.773305	0.070268	0.035094	-0.080097	-0.233836	0.250167	-0.93954	-0.581276	-0.810588	-0.071162	-0.779383	0.529492	0.33496	-0.018097	-0.015892	0.002426	0.204901	0.543394	0.59408	0.260756
0.030685	0.043609	-0.03163	-0.35743	-0.51976	0.775946	0.888041	-0.446396	0.110051	0.289179	0.728408	0.621124	0.012008	0.007473	-0.012193	0.077164	-0.276844	0.359622	-0.762365	0.069549	0.034529	-0.079988	-0.253829	0.239029	-0.937248	-0.516305	-0.852873	-0.077684	-0.817923	0.464188	0.339896	-0.017453	-0.013983	0.004124	5.349253	0.857589	-1.588847	0.256184
0.031086	0.043769	-0.032005	-0.341849	-0.546641	0.764409	0.907655	-0.402834	0.117836	0.243516	0.734102	0.633871	0.012796	0.002509	-0.008029	0.04762	-0.124781	0.179808	-0.762528	0.068944	0.03411	-0.079794	-0.281828	0.211932	-0.935765	-0.422458	-0.90308	-0.077297	-0.861453	0.373537	0.344045	-0.015818	-0.009945	0.007983	0.404486	0.091156	-0.277099	0.278065
0.031269	0.043834	-0.032158	-0.336964	-0.554545	0.760877	0.912989	-0.389883	0.120172	0.230012	0.735166	0.63767	0.006128	0.003147	-0.006638	0.024099	-0.137904	0.153722	-0.759426	0.068697	0.033986	-0.079672	-0.290585	0.200291	-0.935651	-0.390327	-0.917599	-0.075203	-0.873616	0.343357	0.34482	-0.007518	-0.004009	0.004913	-0.029219	0.033937	-0.048431	0.291618
0.031526	0.043905	-0.03233	-0.326902	-0.562885	0.75914	0.922282	-0.365302	0.126291	0.206228	0.741427	0.638557	0.006715	-0.00078	-0.001545	-0.120354	0.157831	0.181823	-0.76955	0.068322	0.033864	-0.079367	-0.3015	0.185764	-0.935194	-0.352768	-0.932967	-0.071592	-0.885805	0.308322	0.346821	-0.007103	-0.006634	0.011667	0.396181	0.07411	-0.207687	0.293741
0.03174	0.043864	-0.032373	-0.313704	-0.572455	0.757551	0.931854	-0.338793	0.129869	0.182309	0.746668	0.639725	0.00658	-8.7e-05	-0.000936	0.002057	-0.0246	0.014762	-0.760895	0.068054	0.033801	-0.078972	-0.312334	0.169174	-0.934787	-0.308929	-0.948617	-0.068456	-0.898337	0.267402	0.348548	-0.006423	-0.005006	0.013197	0.067935	0.052053	-0.084177	0.296843
0.031838	0.043812	-0.032386	-0.310602	-0.574774	0.757074	0.933801	-0.333319	0.13005	0.177598	0.747351	0.640254	0.006837	-0.001395	-0.002092	-0.1115	-0.036526	-0.083349	-0.758936	0.067948	0.033758	-0.078746	-0.316369	0.162755	-0.934569	-0.292609	-0.953876	-0.067064	-0.90238	0.252247	0.349401	-0.006281	-0.004659	0.013516	-0.071506	0.042739	-0.031495	0.302395
0.031926	0.043686	-0.032493	-0.303794	-0.579155	0.756497	0.937742	-0.322085	0.129997	0.168368	0.748892	0.640946	0.000795	-0.004036	-0.003578	-0.115179	-0.019962	-0.111793	-0.763508	0.067825	0.033668	-0.078256	-0.32208	0.160081	-0.933079	-0.282858	-0.956851	-0.066522	-0.903468	0.242504	0.353463	0.001108	-0.004624	0.01408	-0.049188	0.099946	0.080545	0.310233
0.031949	0.043522	-0.032644	-0.288248	-0.590874	0.753511	0.945578	-0.299714	0.126696	0.150977	0.749025	0.64511	0.000929	-0.004729	-0.004205	0.269145	-0.391831	-0.401619	-0.771509	0.067812	0.033614	-0.077721	-0.327236	0.151419	-0.932731	-0.261864	-0.962949	-0.064453	-0.907933	0.223158	0.354763	0.00149	-0.003703	0.014908	0.397937	0.038647	-0.160531	0.311376
0.031974	0.043317	-0.032825	-0.26746	-0.607587	0.747865	0.954656	-0.272406	0.120104	0.13075	0.746078	0.652894	0.001054	-0.005364	-0.004793	-1.012877	-0.755818	-1.339342	-0.775428	0.06787	0.033624	-0.077191	-0.3307	0.152037	-0.931408	-0.259421	-0.963562	-0.065177	-0.907379	0.220073	0.358091	0.002822	0.003263	0.012064	5.104655	0.286685	-1.978075	0.314968
0.031971	0.04321	-0.032923	-0.258767	-0.614502	0.745269	0.958167	-0.260972	0.117506	0.122288	0.7445	0.656327	0.001106	-0.005625	-0.005029	-0.361913	-0.124614	-0.384838	-0.777061	0.067917	0.033633	-0.076922	-0.331443	0.151175	-0.931284	-0.25849	-0.96386	-0.064467	-0.907374	0.219361	0.358542	0.001955	-0.002572	0.015886	-0.067888	0.118641	-0.146649	0.316928
0.031975	0.043014	-0.033094	-0.24492	-0.624914	0.741279	0.963852	-0.239651	0.116428	0.104892	0.742999	0.661021	0.000814	-0.004162	-0.003751	-0.874052	-1.01247	-1.31279	-0.774448	0.068	0.033677	-0.076391	-0.337691	0.154181	-0.928543	-0.26046	-0.963278	-0.065225	-0.904502	0.219823	0.365448	-0.004716	-0.000946	0.016813	-0.071385	0.004585	-0.019235	0.322153
0.032024	0.042892	-0.033208	-0.242642	-0.62839	0.739087	0.96431	-0.239455	0.112991	0.105976	0.740126	0.664064	0.00678	-0.000885	-0.001671	-0.009287	-0.001061	0.041179	-0.771509	0.067975	0.033647	-0.075874	-0.342806	0.167066	-0.92443	-0.274069	-0.959034	-0.071688	-0.898537	0.228782	0.37455	0.00048	-0.006065	0.012622	-0.004575	0.188138	0.338979	0.325256
0.033923	0.042743	-0.032537	-0.220106	-0.643821	0.732835	0.969594	-0.226764	0.091996	0.106952	0.730802	0.674158	6e-05	-0.0003	-0.000274	-0.006366	0.00747	0.006435	-0.766284	0.065273	0.033325	-0.074927	-0.356137	0.273665	-0.893461	-0.420404	-0.900843	-0.108352	-0.834521	0.337027	0.435874	-0.005969	0.003273	0.002452	-0.000571	0.014765	-0.029769	0.428129
0.034002	0.042693	-0.032539	-0.218496	-0.645676	0.731683	0.969867	-0.226501	0.089746	0.10778	0.729245	0.67571	0.000169	-0.000817	-0.000735	-0.010452	0.011038	0.008232	-0.76808	0.065098	0.03341	-0.074777	-0.357764	0.272495	-0.893168	-0.420075	-0.901196	-0.106681	-0.833991	0.337031	0.436884	-0.005562	0.004201	0.003295	-0.000712	0.014744	-0.029692	0.418985
0.034001	0.042674	-0.032549	-0.218496	-0.645502	0.731837	0.96988	-0.226391	0.089882	0.107662	0.729434	0.675525	0.000156	-0.000746	-0.000673	-0.00286	0.003626	0.003123	-0.76857	0.065028	0.033436	-0.074686	-0.358378	0.272104	-0.893041	-0.420095	-0.901264	-0.106025	-0.833717	0.337166	0.437303	-0.005502	0.00433	0.003409	-0.000765	0.014741	-0.029679	0.417025
0.033954	0.042636	-0.032583	-0.217994	-0.64533	0.732138	0.969988	-0.226051	0.089565	0.107702	0.729691	0.675241	-0.006186	-0.002111	-0.001001	-0.001919	0.015304	-0.02903	-0.769713	0.064944	0.033462	-0.074487	-0.357595	0.273868	-0.892816	-0.42577	-0.898701	-0.105142	-0.83117	0.342536	0.437976	0.000207	-0.003121	0.006242	-0.032876	0.021976	-0.014018	0.414739
0.033903	0.042574	-0.032636	-0.217176	-0.645098	0.732586	0.970164	-0.22551	0.089028	0.107774	0.730063	0.674826	0.000277	-0.00133	-0.001193	0.000122	3e-05	0.000105	-0.770366	0.064913	0.03347	-0.074301	-0.358578	0.273381	-0.892571	-0.426028	-0.898699	-0.104108	-0.830615	0.34293	0.438722	0.000162	-0.00322	0.006146	-0.03178	0.129322	-0.181372	0.409187
0.033891	0.042535	-0.032656	-0.21493	-0.643792	0.734394	0.970519	-0.224774	0.08699	0.109069	0.731441	0.673124	0.000251	-0.001192	-0.001072	-0.001943	-0.003952	0.002847	-0.770203	0.064905	0.033459	-0.074203	-0.359007	0.273211	-0.89245	-0.426241	-0.898651	-0.103644	-0.830319	0.343191	0.439076	0.001208	0.002764	0.002508	0.001146	0.091761	-0.143311	0.406738
0.033888	0.042478	-0.032705	-0.214592	-0.643698	0.734576	0.970594	-0.224527	0.086791	0.109065	0.731601	0.672951	0.000259	-0.00124	-0.001116	-0.002719	0.017944	-0.022199	-0.767753	0.064896	0.033388	-0.074012	-0.359455	0.273228	-0.892265	-0.42697	-0.898369	-0.10309	-0.829751	0.343914	0.439583	0.000654	0.001501	0.00136	0.000109	1.2e-05	-6.9e-05	0.401023
0.033912	0.042457	-0.03272	-0.214565	-0.643673	0.734606	0.970603	-0.224488	0.086794	0.109043	0.731634	0.672919	0.000131	-0.000628	-0.000565	5.8e-05	2e-05	2.9e-05	-0.770039	0.06485	0.033258	-0.073846	-0.360274	0.27301	-0.892001	-0.427652	-0.898151	-0.102166	-0.829045	0.344658	0.440334	-0.000793	-0.00539	0.00418	-0.033108	0.02192	-0.013896	0.386163
0.033999	0.042466	-0.032704	-0.212862	-0.642459	0.736162	0.970838	-0.22411	0.085134	0.110287	0.732816	0.671429	0.007255	-0.004033	0.004154	-0.036937	-0.01155	0.013462	-0.770856	0.064737	0.033101	-0.073703	-0.361368	0.272578	-0.891691	-0.428249	-0.898003	-0.100954	-0.82826	0.345384	0.441241	-0.000913	-0.005665	0.003936	-0.033131	0.021899	-0.01388	0.370977
0.034049	0.042487	-0.032687	-0.213196	-0.642542	0.735994	0.970772	-0.224301	0.085383	0.110222	0.732686	0.671582	-0.000126	0.000596	0.000533	-0.000287	-0.000658	0.000486	-0.771019	0.064663	0.033032	-0.073641	-0.36185	0.272375	-0.891557	-0.428512	-0.897938	-0.100408	-0.827913	0.345711	0.441635	-0.007622	-0.004087	0.004828	-0.034125	0.036632	-0.043438	0.364119
0.034168	0.042509	-0.032658	-0.213674	-0.642614	0.735792	0.970681	-0.224543	0.085777	0.110096	0.732548	0.671752	0.006351	0.00135	0.000312	0.002076	-0.015202	0.029269	-0.771836	0.064538	0.032951	-0.073533	-0.362851	0.271858	-0.891308	-0.428786	-0.897929	-0.099318	-0.827333	0.346143	0.442383	-0.006498	0.002073	0.001338	-0.000958	0.0147	-0.029575	0.349586
0.034321	0.042482	-0.032605	-0.211406	-0.643843	0.735373	0.971002	-0.224277	0.082782	0.111629	0.73155	0.672586	0.000869	-0.005281	0.003918	0.758828	2.067243	-1.639267	-0.771999	0.064394	0.032987	-0.073471	-0.363654	0.271256	-0.891164	-0.428611	-0.898107	-0.098468	-0.827071	0.346155	0.442864	-0.006495	0.00207	0.001336	-0.000972	0.014733	-0.029569	0.342565
0.034407	0.042468	-0.03257	-0.209699	-0.645482	0.734424	0.971235	-0.224179	0.080285	0.11282	0.730134	0.673925	0.006286	0.001655	0.000583	0.020975	-0.145051	0.177996	-0.771346	0.064314	0.033022	-0.073454	-0.364038	0.270925	-0.891108	-0.428434	-0.898235	-0.098067	-0.826994	0.346081	0.443065	3e-05	7.2e-05	7.1e-05	5e-06	1.4e-05	-1e-05	0.343708
0.03456	0.042427	-0.032439	-0.207191	-0.646219	0.734488	0.971608	-0.223589	0.077361	0.114232	0.729663	0.674197	0.0006	-0.003929	0.005142	-0.047514	0.016734	-0.00827	-0.771183	0.064155	0.033075	-0.073445	-0.364614	0.270387	-0.891036	-0.428108	-0.898457	-0.097456	-0.826909	0.345926	0.443345	-0.00029	-0.000655	-0.000589	4e-06	2e-06	1e-06	0.352689
0.034669	0.042344	-0.032228	-0.204997	-0.649644	0.732077	0.972008	-0.222842	0.074432	0.114784	0.726844	0.677142	0.000322	-0.00264	0.006298	0.129875	-0.22698	-0.187048	-0.771509	0.064072	0.033144	-0.073465	-0.364871	0.270051	-0.891033	-0.427742	-0.898658	-0.097206	-0.826985	0.345665	0.443406	-0.006577	0.001881	0.001163	-0.000979	0.014728	-0.029547	0.34681
0.03473	0.042286	-0.032086	-0.2038	-0.65168	0.730601	0.972235	-0.222376	0.072848	0.114994	0.725163	0.678906	0.006577	-0.000838	0.007011	0.126905	-0.236419	-0.153093	-0.771672	0.064057	0.033183	-0.073486	-0.364921	0.26993	-0.891049	-0.427531	-0.898762	-0.097175	-0.827072	0.34549	0.44338	2e-06	1e-06	7e-06	8e-06	2.3e-05	2.4e-05	0.337176
0.034817	0.042149	-0.03177	-0.199353	-0.654398	0.729397	0.972977	-0.220675	0.067941	0.116499	0.723232	0.680707	9.9e-05	-0.00161	0.007215	0.123441	-0.219998	-0.180489	-0.771836	0.064064	0.033279	-0.073542	-0.364783	0.269828	-0.891136	-0.427084	-0.898953	-0.097369	-0.827363	0.345072	0.443163	0.007441	0.003661	-0.005198	0.034121	-0.036712	0.043364	0.29766
0.034864	0.042012	-0.031474	-0.196014	-0.655618	0.729207	0.973563	-0.219043	0.06476	0.11727	0.722623	0.681221	0.000268	-0.002402	0.006506	-0.045952	0.001676	0.015218	-0.771673	0.064103	0.033364	-0.073613	-0.364653	0.269732	-0.891219	-0.426613	-0.899154	-0.09758	-0.827664	0.344624	0.44295	2e-06	-5e-06	-4e-06	9e-06	2e-06	1.1e-05	0.248509
0.034889	0.041897	-0.031235	-0.194695	-0.65751	0.727855	0.973881	-0.217961	0.06361	0.11682	0.72123	0.682773	0.000514	-0.003548	0.005484	-0.039944	0.01209	-0.015524	-0.772162	0.064151	0.033441	-0.073683	-0.364503	0.269665	-0.8913	-0.426174	-0.899337	-0.09781	-0.827956	0.344198	0.442735	3e-06	-2e-06	-3e-06	1.6e-05	4e-06	5e-06	0.15674
0.034893	0.041863	-0.031148	-0.193448	-0.658955	0.72688	0.974084	-0.217501	0.062062	0.117202	0.720049	0.683953	-0.000496	0.002284	0.002028	0.171203	-0.241062	-0.170599	-0.772489	0.064191	0.033464	-0.073713	-0.364348	0.269721	-0.891347	-0.426046	-0.899377	-0.098001	-0.82809	0.344048	0.4426	3e-06	-1e-06	-3e-06	1.8e-05	-1e-05	4e-06	0.079014
0.034888	0.041845	-0.03106	-0.193061	-0.659323	0.726649	0.974192	-0.217073	0.061869	0.116945	0.719841	0.684216	-0.000141	0.000639	0.000567	-0.001383	0.001888	0.001669	-0.770529	0.064304	0.033463	-0.073753	-0.362232	0.272296	-0.891426	-0.431431	-0.89674	-0.098607	-0.826228	0.348871	0.442305	0.006524	-0.001986	-0.001257	0.000732	-0.014719	0.029357	-0.133591
0.034887	0.041854	-0.031072	-0.19298	-0.659262	0.726726	0.974199	-0.217068	0.061778	0.117021	0.719898	0.684143	3.4e-05	-0.000161	-0.000143	9.2e-05	4.4e-05	0.000157	-0.769223	0.064389	0.033408	-0.073742	-0.357311	0.279009	-0.891337	-0.447579	-0.888771	-0.098784	-0.819757	0.363647	0.442446	0.006887	-0.001166	-0.000516	0.001313	-0.030103	0.053237	-0.304556
0.034885	0.041868	-0.031091	-0.193019	-0.659255	0.726722	0.974175	-0.217192	0.061714	0.117153	0.719867	0.684153	4.1e-05	-0.00019	-0.000168	0.000104	-1e-06	0.000104	-0.748648	0.064456	0.033365	-0.073728	-0.35716	0.279211	-0.891334	-0.447793	-0.888646	-0.098937	-0.819705	0.363797	0.442417	6.9e-05	0.000157	0.000139	0.000511	5.4e-05	-0.000306	-0.405796
0.034858	0.041968	-0.03115	-0.196767	-0.657594	0.727222	0.972795	-0.223448	0.061158	0.12228	0.719472	0.683671	-0.000188	0.000882	0.000783	0.002625	-0.019403	0.023197	-0.580623	0.064737	0.033227	-0.07372	-0.356406	0.280027	-0.89138	-0.448447	-0.888227	-0.099731	-0.819676	0.364192	0.442147	0.012694	-0.00837	0.002545	-0.030843	-0.007489	0.045086	-0.679308
0.034814	0.042183	-0.031224	-0.242594	-0.645673	0.724053	0.957773	-0.278131	0.072879	0.154326	0.711159	0.685882	-0.001178	0.006604	-0.002765	-0.806852	-1.479295	2.383511	-0.442315	0.065098	0.03318	-0.073676	-0.373204	0.274141	-0.88632	-0.450606	-0.888654	-0.085126	-0.810969	0.367612	0.455179	0.008387	0.002284	0.002574	-0.336608	0.622586	-0.494529	-0.743808
0.034594	0.042401	-0.031368	-0.295561	-0.624848	0.722639	0.939113	-0.328793	0.099801	0.175238	0.708137	0.683982	-0.007225	0.003943	-0.004232	-0.36308	0.240647	0.524006	-0.357567	0.065533	0.033398	-0.073443	-0.414931	0.251999	-0.874258	-0.455303	-0.889424	-0.040279	-0.787737	0.38134	0.483786	0.011131	0.008653	0.008246	-1.167053	1.524829	-1.920266	-0.748706
0.034385	0.042502	-0.031479	-0.320979	-0.607724	0.72639	0.928724	-0.352264	0.11567	0.185586	0.711745	0.677477	-0.013387	0.00185	-0.005166	2.794822	-0.110826	5.907292	-0.327195	0.065756	0.03356	-0.073261	-0.437693	0.246701	-0.864617	-0.467023	-0.884102	-0.015841	-0.768318	0.396863	0.502181	0.011637	0.009889	0.0093	-1.613607	1.603531	-1.811521	-0.757851
0.033857	0.042699	-0.031793	-0.372244	-0.556511	0.742784	0.901355	-0.407614	0.146318	0.221342	0.723979	0.653346	-0.013989	0.005829	-0.01028	-0.289951	0.337548	0.796353	-0.262042	0.066276	0.033849	-0.072859	-0.470369	0.268755	-0.840549	-0.538288	-0.842154	0.031956	-0.699284	0.467489	0.540791	0.011541	0.009852	0.009169	-1.501384	0.637627	0.223905	-0.781038
0.03315	0.042848	-0.032285	-0.422678	-0.48578	0.765088	0.862256	-0.475473	0.174466	0.279027	0.733445	0.619839	-0.019407	7.5e-05	-0.014542	-0.046494	0.61909	1.108001	0.034167	0.066824	0.034181	-0.072502	-0.496782	0.306421	-0.81198	-0.612316	-0.786783	0.077712	-0.615041	0.535795	0.578486	0.017249	0.002663	0.012123	-1.311591	2.39789	-2.804581	-0.773363
0.032721	0.042888	-0.032632	-0.447073	-0.448145	0.774139	0.839558	-0.508856	0.190279	0.308653	0.735004	0.60374	-0.026352	0.002639	-0.020054	0.723245	1.325893	1.778343	0.114016	0.067122	0.03431	-0.072328	-0.505039	0.325874	-0.799212	-0.641805	-0.760921	0.095309	-0.577079	0.561073	0.593443	0.010135	0.003182	0.012075	-1.374844	0.985852	-0.290112	-0.768791
0.031773	0.042976	-0.033529	-0.482752	-0.372171	0.792741	0.794801	-0.566308	0.21814	0.36775	0.735379	0.569189	-0.026532	0.004403	-0.027212	-0.422546	0.825735	0.591032	0.169698	0.067705	0.034499	-0.072023	-0.520027	0.360631	-0.774284	-0.685575	-0.71692	0.126535	-0.509468	0.596631	0.620058	0.016877	0.005667	0.005736	-1.32963	0.901723	-0.01435	-0.77222
0.030761	0.043042	-0.034677	-0.530881	-0.26353	0.805429	0.714122	-0.650842	0.257747	0.456283	0.712008	0.533712	-0.025761	-0.000347	-0.031682	3.754586	3.128636	3.643123	0.183577	0.068231	0.034877	-0.071873	-0.522607	0.393607	-0.756276	-0.725304	-0.671502	0.151718	-0.448124	0.62782	0.636417	0.01744	0.010782	0.001253	-1.458802	0.24713	0.078585	-0.772057
0.02977	0.043141	-0.036029	-0.574644	-0.171607	0.800209	0.641307	-0.701864	0.310017	0.508437	0.691329	0.513375	-0.019986	0.004859	-0.036812	-0.124742	-1.160948	2.798892	0.181291	0.06882	0.035234	-0.071845	-0.521954	0.401861	-0.752377	-0.748022	-0.63954	0.177341	-0.409909	0.655359	0.634411	0.015357	0.002291	0.002724	-0.335325	-0.38212	-0.841478	-0.779895
0.029284	0.043248	-0.036784	-0.590026	-0.129935	0.796859	0.607656	-0.721333	0.332312	0.531622	0.68029	0.504561	-0.027128	0.008329	-0.041656	-0.164108	0.559851	0.824801	0.184884	0.069075	0.035334	-0.071852	-0.522219	0.400387	-0.752978	-0.754542	-0.628398	0.18916	-0.397432	0.666937	0.630271	0.015232	0.005629	-0.003204	-0.09101	-0.114927	-0.413308	-0.781854
0.028434	0.043476	-0.03842	-0.607316	-0.050228	0.79287	0.541227	-0.756742	0.366625	0.581583	0.65178	0.486766	-0.020234	0.006236	-0.044878	0.084958	0.606264	1.180467	0.179822	0.069392	0.035567	-0.071929	-0.534846	0.391847	-0.748594	-0.752444	-0.623945	0.210997	-0.384403	0.676127	0.628558	0.008213	0.006112	-0.003182	0.028662	0.126095	-0.322117	-0.775486
0.027777	0.043528	-0.040182	-0.606753	0.026559	0.794446	0.470135	-0.793903	0.385603	0.640955	0.607463	0.469217	-0.01231	-0.002599	-0.045847	1.084217	0.9733	1.508699	0.150756	0.069478	0.035783	-0.072045	-0.554932	0.394261	-0.732535	-0.748679	-0.620576	0.233159	-0.362669	0.677822	0.639553	0.000477	0.00475	-0.004714	0.045681	0.196163	-0.312532	-0.775486
0.027531	0.043455	-0.041107	-0.59663	0.067511	0.799671	0.427809	-0.816306	0.388101	0.678978	0.57366	0.458151	-0.004909	-0.00792	-0.043279	0.582374	0.268902	0.250254	0.128875	0.069465	0.035837	-0.072145	-0.562405	0.396595	-0.725542	-0.747529	-0.61891	0.24114	-0.353411	0.677983	0.644545	-0.00029	0.002854	-0.006319	0.040442	0.188476	-0.315227	-0.772547
0.027355	0.043099	-0.04274	-0.554603	0.176321	0.813219	0.302647	-0.867618	0.394516	0.775125	0.464918	0.427821	0.002305	-0.011846	-0.039601	5.510108	3.58356	3.572462	0.088379	0.069353	0.035799	-0.072377	-0.584406	0.394849	-0.708916	-0.737023	-0.623799	0.260135	-0.339508	0.674513	0.655565	-0.002858	-0.007032	-0.005983	-1.007039	2.034422	-2.212282	-0.777772
0.027628	0.042445	-0.044046	-0.459036	0.323913	0.827263	0.097289	-0.907237	0.409211	0.883074	0.268327	0.384942	0.016474	-0.016914	-0.028859	5.754214	4.213547	3.574806	0.09736	0.06913	0.0354	-0.072695	-0.631357	0.364042	-0.684733	-0.688428	-0.669591	0.278772	-0.357007	0.647395	0.673368	-0.005771	-0.017774	-0.006445	3.654974	-0.443049	-4.334959	-0.779078
0.028274	0.041588	-0.044882	-0.343209	0.425449	0.837377	-0.083346	-0.901807	0.424024	0.935553	0.075737	0.344968	0.017238	-0.021914	-0.015719	4.41824	3.220582	2.620704	0.169045	0.068932	0.034951	-0.073201	-0.66822	0.364195	-0.648723	-0.66114	-0.69054	0.293339	-0.341137	0.624912	0.702217	-0.004929	-0.008451	-0.01617	-0.786297	2.439383	-1.907103	-0.771567
0.028695	0.041164	-0.045142	-0.30316	0.445525	0.842378	-0.128263	-0.895012	0.427202	0.944267	0.021464	0.328476	0.024301	-0.023671	-0.009236	4.053489	3.084157	2.487941	0.196478	0.068848	0.034818	-0.073555	-0.687169	0.371414	-0.624379	-0.651004	-0.696288	0.302282	-0.322476	0.614193	0.72026	-0.00518	-0.009054	-0.016766	-0.570472	2.894838	-1.857144	-0.773853
0.029566	0.040376	-0.045358	-0.236471	0.482307	0.843481	-0.217815	-0.872321	0.437734	0.946909	-0.080212	0.311332	0.024176	-0.022923	0.001044	1.202863	0.951766	0.563224	0.247097	0.068634	0.034548	-0.07438	-0.728491	0.382441	-0.568365	-0.624619	-0.711538	0.321813	-0.281339	0.58945	0.757229	-0.006963	-0.013307	-0.020696	0.380963	0.960499	-0.600951	-0.775323
0.030461	0.039754	-0.045287	-0.1785	0.499968	0.847448	-0.28375	-0.850846	0.442205	0.942137	-0.16153	0.293742	0.022378	-0.011487	0.003657	0.232625	0.413574	0.194576	0.28841	0.068469	0.034225	-0.075415	-0.7573	0.385282	-0.527308	-0.599958	-0.729385	0.328705	-0.257966	0.565291	0.783516	0.000905	-0.00464	-0.030695	0.273872	0.750294	-0.702405	-0.772383
0.030856	0.039505	-0.045178	-0.148833	0.500595	0.852791	-0.312496	-0.842012	0.439729	0.938186	-0.201048	0.281753	0.015325	-0.010258	0.006054	0.881009	1.359836	1.022956	0.30033	0.06845	0.034102	-0.076019	-0.769619	0.381171	-0.512244	-0.587363	-0.737241	0.333886	-0.25038	0.557838	0.791281	0.000715	-0.005098	-0.031254	0.076088	0.415592	-0.716791	-0.775159
0.031476	0.039115	-0.044813	-0.064761	0.501858	0.862522	-0.387463	-0.809168	0.441721	0.919607	-0.305589	0.246854	0.015709	-0.012661	0.012915	4.332313	3.497415	2.451604	0.294452	0.068364	0.033818	-0.077173	-0.786714	0.380415	-0.486173	-0.573816	-0.741045	0.348691	-0.22763	0.553294	0.801279	-0.006782	-0.009089	-0.026623	0.072763	0.249241	-0.425748	-0.78414
0.032007	0.038784	-0.044292	0.005312	0.494877	0.868946	-0.43153	-0.782749	0.448424	0.902082	-0.377359	0.209397	0.014148	-0.003866	0.012938	-0.004196	0.937369	0.148722	0.280899	0.068306	0.033316	-0.078179	-0.798925	0.38851	-0.459105	-0.56726	-0.740403	0.360579	-0.199834	0.548508	0.811913	-0.001076	-0.01665	-0.024269	-0.005779	1.12818	-0.552973	-0.777282
0.032291	0.038693	-0.043786	0.082035	0.485883	0.870164	-0.474153	-0.748937	0.462893	0.876611	-0.450565	0.168944	0.005949	0.003779	0.01254	0.781842	1.835592	0.807828	0.257385	0.068137	0.032751	-0.079043	-0.809512	0.420445	-0.409774	-0.570522	-0.72805	0.380061	-0.138541	0.54145	0.829239	-0.005701	-0.009984	-0.018791	0.053325	1.298596	-0.654484	-0.779405
0.03243	0.038747	-0.043507	0.11267	0.48157	0.869134	-0.481696	-0.738573	0.471674	0.869064	-0.471803	0.148755	0.012236	0.006564	0.01443	-0.193457	-0.839828	2.336228	0.254446	0.067995	0.032638	-0.079392	-0.799803	0.45765	-0.38842	-0.592298	-0.706748	0.386896	-0.097453	0.539502	0.836325	-0.004483	-0.007045	-0.01606	-0.686168	1.070163	0.961052	-0.775649
0.032684	0.038933	-0.042956	0.161601	0.491715	0.855629	-0.493816	-0.710377	0.501507	0.854417	-0.503568	0.128019	0.005804	0.004363	0.013065	-0.43928	0.832709	0.388596	0.255099	0.067804	0.032483	-0.079876	-0.766585	0.529316	-0.363553	-0.641303	-0.660007	0.391306	-0.032824	0.533117	0.845403	-0.002862	-0.00678	-0.006529	-0.069558	0.395911	-0.386762	-0.779405
0.032908	0.039124	-0.042505	0.194166	0.508206	0.839062	-0.496328	-0.686886	0.53089	0.846142	-0.519531	0.118867	0.005119	0.008717	0.008054	-0.24035	0.431067	0.217989	0.2631	0.06772	0.032362	-0.080025	-0.711338	0.608338	-0.352027	-0.70212	-0.592226	0.395342	0.032022	0.528387	0.848399	-0.00707	0.000806	2.9e-05	-1.99613	2.42164	4.592165	-0.793611
0.033044	0.039225	-0.042311	0.205336	0.511575	0.834342	-0.494883	-0.681214	0.539478	0.84435	-0.523676	0.113292	0.011803	0.009548	0.00781	-0.041732	0.019013	0.172923	0.266692	0.067697	0.032361	-0.080034	-0.671534	0.652211	-0.351655	-0.737926	-0.545668	0.397128	0.067124	0.526181	0.847718	0.000374	0.000876	0.000687	-2.409822	2.191299	4.961878	-0.795081
0.03342	0.039285	-0.041914	0.227261	0.517984	0.824647	-0.502105	-0.663243	0.554974	0.83441	-0.540184	0.109353	0.007586	-0.00571	0.01189	-0.027935	-0.16703	0.138748	0.284818	0.067686	0.032434	-0.079981	-0.601344	0.715811	-0.354963	-0.789868	-0.465654	0.39909	0.120383	0.520365	0.845415	0.000694	0.001644	0.001629	-0.158412	0.099135	0.582991	-0.805205
0.033838	0.039164	-0.041536	0.228929	0.520165	0.822811	-0.49884	-0.66315	0.558022	0.835912	-0.538199	0.107665	0.014417	-0.005539	0.010962	-0.064332	-0.039474	0.036887	0.3018	0.067744	0.032478	-0.079934	-0.574917	0.730701	-0.368164	-0.807353	-0.433552	0.400265	0.132856	0.527358	0.839191	0.000567	0.001342	0.001315	-0.36119	-0.454269	-0.248037	-0.821207
0.03422	0.03901	-0.041131	0.232238	0.51874	0.822783	-0.500398	-0.661659	0.558397	0.834066	-0.5414	0.105914	0.007773	-0.006591	0.010945	-0.070394	-0.017985	0.013386	0.311107	0.067915	0.032528	-0.079873	-0.573649	0.725743	-0.379764	-0.809522	-0.431629	0.397957	0.124897	0.535716	0.835109	0.001167	0.002771	0.002676	0.011708	0.099131	-0.15736	-0.818105
0.034448	0.038888	-0.040939	0.235483	0.51878	0.821835	-0.502801	-0.658625	0.559823	0.831707	-0.54505	0.105748	0.014714	-0.006905	0.009533	-0.068217	-0.032926	0.042306	0.31323	0.067945	0.032573	-0.079829	-0.573737	0.725794	-0.379535	-0.809474	-0.431871	0.39779	0.124803	0.535452	0.835292	0.001086	0.00258	0.002491	0.007625	-0.011662	0.02222	-0.816798
0.034976	0.038561	-0.040567	0.236398	0.519323	0.821229	-0.505113	-0.656325	0.560443	0.830045	-0.547302	0.107163	0.01472	-0.006829	0.009602	0.057148	-0.213326	-0.124469	0.31568	0.067912	0.032654	-0.079757	-0.572744	0.725859	-0.380908	-0.810272	-0.430909	0.397208	0.124181	0.536138	0.834945	0.000136	0.000324	0.000312	0.000787	-0.000589	-0.0014	-0.811737
