0.042571	0.022782	-0.010758	-0.138096	-0.270573	0.952743	0.709751	-0.697969	-0.095343	0.690783	0.663045	0.288426	-1e-06	2.2e-05	1.7e-05	0.000563	-0.002864	-0.00178	0.518323	0.076798	0.022925	-0.061809	-0.20101	0.640898	-0.74084	-0.828414	-0.514838	-0.220613	-0.522804	0.569377	0.634417	-0.000143	0.003401	-0.005925	0.029958	0.088969	-0.184384	0.322317
0.042571	0.022782	-0.010758	-0.138096	-0.270573	0.952743	0.709751	-0.697969	-0.095343	0.690783	0.663045	0.288426	-1e-06	2.2e-05	1.7e-05	0.000563	-0.002864	-0.00178	0.518323	0.076963	0.022932	-0.061952	-0.205702	0.640024	-0.740306	-0.829163	-0.515787	-0.215527	-0.519783	0.569501	0.636783	0.006629	0.002427	-0.006671	0.038589	-0.018264	0.024454	0.317908
0.042571	0.022782	-0.010758	-0.138096	-0.270573	0.952743	0.709751	-0.697969	-0.095343	0.690783	0.663045	0.288426	-1e-06	2.2e-05	1.7e-05	0.000563	-0.002864	-0.00178	0.518323	0.077063	0.022954	-0.062089	-0.208984	0.639361	-0.739961	-0.829181	-0.517	-0.21253	-0.518443	0.569146	0.638191	-0.000122	0.003509	-0.005838	0.034839	-0.001944	-0.007782	0.317908
0.042571	0.022782	-0.010758	-0.138096	-0.270573	0.952743	0.709751	-0.697969	-0.095343	0.690783	0.663045	0.288426	-1e-06	2.2e-05	1.7e-05	0.000563	-0.002864	-0.00178	0.518323	0.077167	0.022993	-0.062251	-0.208786	0.639317	-0.740054	-0.828797	-0.517371	-0.213123	-0.519136	0.568857	0.637884	0.006648	0.002512	-0.006607	0.036266	-0.029664	0.047	0.291945
0.042571	0.022782	-0.010758	-0.138096	-0.270573	0.952743	0.709751	-0.697969	-0.095343	0.690783	0.663045	0.288426	-1e-06	2.2e-05	1.7e-05	0.000563	-0.002864	-0.00178	0.518323	0.077219	0.023016	-0.062342	-0.208324	0.639364	-0.740144	-0.828641	-0.517382	-0.213701	-0.51957	0.568796	0.637587	-0.0002	0.003114	-0.006142	0.034497	-0.00169	-0.008143	0.264675
0.042571	0.022782	-0.010758	-0.138096	-0.270573	0.952743	0.709751	-0.697969	-0.095343	0.690783	0.663045	0.288426	-1e-06	2.2e-05	1.7e-05	0.000563	-0.002864	-0.00178	0.518323	0.077277	0.023065	-0.062515	-0.210176	0.638963	-0.739967	-0.828799	-0.517908	-0.211807	-0.518572	0.568767	0.638424	-0.000175	0.00324	-0.006043	0.035848	-0.002446	-0.006834	0.223526
0.042571	0.022782	-0.010758	-0.138096	-0.270573	0.952743	0.709751	-0.697969	-0.095343	0.690783	0.663045	0.288426	-1e-06	2.2e-05	1.7e-05	0.000563	-0.002864	-0.00178	0.518323	0.077324	0.023101	-0.062674	-0.212128	0.638553	-0.739764	-0.828982	-0.518434	-0.209793	-0.517484	0.568749	0.639323	-0.000391	-0.002042	-0.001583	0.000295	0.012668	-0.024462	0.217321
0.042571	0.022782	-0.010758	-0.138096	-0.270573	0.952743	0.709751	-0.697969	-0.095343	0.690783	0.663045	0.288426	-1e-06	2.2e-05	1.7e-05	0.000563	-0.002864	-0.00178	0.518323	0.07736	0.023115	-0.062747	-0.211898	0.638563	-0.739821	-0.828838	-0.518518	-0.210155	-0.517808	0.568661	0.639138	-0.000301	-0.001576	-0.001222	0.000125	-9e-05	0.000159	0.218464
0.042571	0.022782	-0.010758	-0.138096	-0.270573	0.952743	0.709751	-0.697969	-0.095343	0.690783	0.663045	0.288426	-1e-06	2.2e-05	1.7e-05	0.000563	-0.002864	-0.00178	0.518323	0.077423	0.023108	-0.062848	-0.211667	0.63857	-0.739881	-0.828671	-0.518628	-0.210544	-0.518171	0.568553	0.638941	0.006512	-0.00236	-0.001833	0.0002	-0.001401	0.004018	0.22075
0.042571	0.022782	-0.010758	-0.138096	-0.270573	0.952743	0.709751	-0.697969	-0.095343	0.690783	0.663045	0.288426	-1e-06	2.2e-05	1.7e-05	0.000563	-0.002864	-0.00178	0.518323	0.07745	0.023063	-0.062896	-0.214025	0.638157	-0.739559	-0.829156	-0.518944	-0.207837	-0.516422	0.568728	0.640198	-0.000229	-0.001193	-0.000928	-0.005523	0.104962	-0.201179	0.228914
0.042571	0.022782	-0.010758	-0.138096	-0.270573	0.952743	0.709751	-0.697969	-0.095343	0.690783	0.663045	0.288426	-1e-06	2.2e-05	1.7e-05	0.000563	-0.002864	-0.00178	0.518323	0.07745	0.023036	-0.062917	-0.213996	0.638162	-0.739562	-0.829159	-0.51893	-0.20786	-0.51643	0.568734	0.640187	-6e-05	-0.000314	-0.000244	1.1e-05	-2.6e-05	2.2e-05	0.237895
0.042571	0.022782	-0.010758	-0.138096	-0.270573	0.952743	0.709751	-0.697969	-0.095343	0.690783	0.663045	0.288426	-1e-06	2.2e-05	1.7e-05	0.000563	-0.002864	-0.00178	0.518323	0.077445	0.023037	-0.062916	-0.21402	0.638157	-0.73956	-0.829154	-0.518944	-0.207843	-0.516427	0.568728	0.640195	1.3e-05	6.2e-05	4.8e-05	1e-06	-6e-06	1.4e-05	0.241488
0.042571	0.022782	-0.010758	-0.138096	-0.270573	0.952743	0.709751	-0.697969	-0.095343	0.690783	0.663045	0.288426	-1e-06	2.2e-05	1.7e-05	0.000563	-0.002864	-0.00178	0.518323	0.077398	0.023036	-0.06291	-0.214274	0.638106	-0.739531	-0.829122	-0.519072	-0.20765	-0.516373	0.568668	0.640292	-0.006806	0.000846	0.000658	-0.001003	0.014717	-0.029556	0.256021
0.042571	0.022782	-0.010758	-0.138096	-0.270573	0.952743	0.709751	-0.697969	-0.095343	0.690783	0.663045	0.288426	-1e-06	2.2e-05	1.7e-05	0.000563	-0.002864	-0.00178	0.518323	0.077333	0.023049	-0.062901	-0.216831	0.63765	-0.739178	-0.82959	-0.51947	-0.204766	-0.514551	0.568816	0.641626	0	3e-06	3e-06	0.00072	-0.000412	0.000726	0.278555
0.042571	0.022782	-0.010758	-0.138096	-0.270573	0.952743	0.709751	-0.697969	-0.095343	0.690783	0.663045	0.288426	-1e-06	2.2e-05	1.7e-05	0.000563	-0.002864	-0.00178	0.518323	0.077302	0.023048	-0.062894	-0.216986	0.63762	-0.73916	-0.829573	-0.519545	-0.204647	-0.514514	0.568782	0.641686	-2e-06	1e-06	2e-06	8.8e-05	-6.5e-05	0.000109	0.289332
0.042571	0.022782	-0.010758	-0.138096	-0.270573	0.952743	0.709751	-0.697969	-0.095343	0.690783	0.663045	0.288426	-1e-06	2.2e-05	1.7e-05	0.000563	-0.002864	-0.00178	0.518323	0.077256	0.023054	-0.06289	-0.219462	0.637181	-0.738806	-0.830045	-0.519898	-0.20182	-0.5127	0.568951	0.642987	-1e-06	1e-06	3e-06	0.000399	-0.000245	0.000423	0.312846
0.042571	0.022782	-0.010758	-0.138096	-0.270573	0.952743	0.709751	-0.697969	-0.095343	0.690783	0.663045	0.288426	-1e-06	2.2e-05	1.7e-05	0.000563	-0.002864	-0.00178	0.518323	0.077225	0.023054	-0.062884	-0.219619	0.63715	-0.738787	-0.830027	-0.519973	-0.201697	-0.512661	0.568917	0.643048	-1e-06	-1e-06	3e-06	-1.2e-05	1e-06	2.2e-05	0.331624
0.042571	0.022782	-0.010758	-0.138096	-0.270573	0.952743	0.709751	-0.697969	-0.095343	0.690783	0.663045	0.288426	-1e-06	2.2e-05	1.7e-05	0.000563	-0.002864	-0.00178	0.518323	0.077216	0.023058	-0.062874	-0.219641	0.637148	-0.738782	-0.830037	-0.519969	-0.201666	-0.512636	0.568923	0.643063	1.9e-05	0.0001	8.1e-05	-1.4e-05	1e-06	1.7e-05	0.346157
0.042571	0.022782	-0.010758	-0.138096	-0.270573	0.952743	0.709751	-0.697969	-0.095343	0.690783	0.663045	0.288426	-1e-06	2.2e-05	1.7e-05	0.000563	-0.002864	-0.00178	0.518323	0.077217	0.023058	-0.062868	-0.221942	0.636753	-0.738435	-0.830567	-0.520181	-0.19892	-0.510783	0.569171	0.644316	4e-06	2.4e-05	2e-05	0.000353	-4.9e-05	-0.000121	0.354811
0.042571	0.022782	-0.010758	-0.138096	-0.270573	0.952743	0.709751	-0.697969	-0.095343	0.690783	0.663045	0.288426	-1e-06	2.2e-05	1.7e-05	0.000563	-0.002864	-0.00178	0.518323	0.077202	0.023062	-0.062858	-0.226646	0.635933	-0.737712	-0.831526	-0.520725	-0.193414	-0.507145	0.569591	0.646815	6.4e-05	0.000334	0.00026	0.004076	-0.002323	0.003852	0.378162
0.042571	0.022782	-0.010758	-0.138096	-0.270573	0.952743	0.709751	-0.697969	-0.095343	0.690783	0.663045	0.288426	-1e-06	2.2e-05	1.7e-05	0.000563	-0.002864	-0.00178	0.518323	0.077202	0.023062	-0.062858	-0.226646	0.635933	-0.737712	-0.831526	-0.520725	-0.193414	-0.507145	0.569591	0.646815	6.4e-05	0.000334	0.00026	0.004076	-0.002323	0.003852	0.378162
0.042627	0.022692	-0.010663	-0.142967	-0.271693	0.951705	0.714397	-0.693829	-0.090757	0.684979	0.66692	0.293291	-4.4e-05	-0.001729	-0.001088	-0.250555	-0.59804	0.892209	0.51816	0.07715	0.023048	-0.062785	-0.229567	0.635438	-0.737236	-0.832026	-0.521146	-0.190103	-0.505006	0.569758	0.648338	0.000104	0.000536	0.000415	2.1e-05	-3.2e-05	5.7e-05	0.418821
0.042731	0.02258	-0.010721	-0.16749	-0.26694	0.949046	0.716635	-0.694052	-0.068744	0.677038	0.668606	0.307545	0.00011	-0.002607	-0.002143	0.000596	0.001236	-0.001977	0.518323	0.077119	0.023053	-0.062736	-0.229536	0.635462	-0.737224	-0.832127	-0.521016	-0.190014	-0.504853	0.569849	0.648377	-0.006716	0.00131	0.001013	-0.000993	0.014699	-0.029552	0.432701
0.042815	0.022547	-0.010777	-0.183394	-0.264007	0.946924	0.718207	-0.693706	-0.054311	0.671226	0.670128	0.316833	0.000116	-0.002361	-0.00199	-0.79984	-1.392048	1.992092	0.518486	0.077096	0.023062	-0.062711	-0.229601	0.635457	-0.737209	-0.832155	-0.521004	-0.189922	-0.504777	0.569867	0.648422	-0.006901	-0.003806	0.005605	-0.036281	0.0297	-0.046926	0.438416
0.043018	0.022529	-0.010885	-0.2036	-0.261655	0.943442	0.724743	-0.688156	-0.03445	0.65825	0.67674	0.329741	0.007025	-0.000935	-0.001491	-0.012119	0.099567	-0.168115	0.518976	0.077033	0.023118	-0.062674	-0.229647	0.635439	-0.737209	-0.832133	-0.521048	-0.189902	-0.504793	0.569846	0.648427	0.000235	0.001211	0.000941	-4e-06	7e-06	-4e-06	0.444621
0.043213	0.022615	-0.010964	-0.213005	-0.262398	0.941156	0.733436	-0.679355	-0.023414	0.645523	0.685291	0.337158	0.006929	0.001004	0.000273	-5.197474	-0.034259	-2.031799	0.520283	0.076959	0.023181	-0.062599	-0.232101	0.635012	-0.736808	-0.832615	-0.521321	-0.187015	-0.502871	0.570072	0.64972	0.000355	0.001816	0.001406	0.000348	-0.000212	0.000347	0.452949
0.043272	0.02271	-0.010995	-0.213796	-0.264027	0.940521	0.739117	-0.673249	-0.020985	0.638746	0.690669	0.339085	-0.000703	0.007499	-0.002422	-0.054035	-0.065352	0.079636	0.520773	0.076935	0.023201	-0.062552	-0.234377	0.634628	-0.736419	-0.833141	-0.521472	-0.184232	-0.500941	0.570361	0.650956	0.000323	0.001656	0.001282	0.001382	-0.000808	0.001363	0.460134
0.043352	0.02299	-0.011044	-0.210963	-0.265743	0.940677	0.742679	-0.669268	-0.022511	0.635547	0.693873	0.338552	-0.000769	0.008547	-0.00151	0.025869	0.077033	-0.127438	0.521426	0.076923	0.02318	-0.062433	-0.239139	0.633853	-0.735555	-0.834279	-0.521704	-0.178335	-0.49678	0.571012	0.65357	0.00023	0.001183	0.000913	0.003661	-0.00209	0.003428	0.471564
0.0434	0.023216	-0.011062	-0.21164	-0.266647	0.940269	0.745602	-0.666058	-0.021061	0.63189	0.696609	0.339777	-0.000105	0.001697	0.00147	0.002279	-0.014413	0.024975	0.521426	0.076948	0.023122	-0.062311	-0.239561	0.633843	-0.735426	-0.834518	-0.521547	-0.177668	-0.496174	0.571165	0.653897	0.007011	0.000268	0.00021	0.001056	-0.014767	0.029647	0.47532
0.043404	0.023243	-0.011039	-0.212325	-0.267626	0.939837	0.749024	-0.662258	-0.019367	0.627598	0.699849	0.341072	0.000583	-0.00551	0.004146	-0.03605	0.008763	-0.019014	0.521752	0.076925	0.023168	-0.062276	-0.241699	0.633471	-0.735047	-0.834973	-0.521704	-0.175052	-0.494368	0.571435	0.655027	0.000137	0.000697	0.000539	0.000253	-0.000157	0.00027	0.4763
0.043407	0.023206	-0.011018	-0.21319	-0.267441	0.939694	0.748952	-0.662362	-0.018595	0.627391	0.699822	0.34151	2.5e-05	-0.000412	-0.00036	0.000325	3e-06	0.000108	0.521752	0.076912	0.023199	-0.062297	-0.241654	0.633458	-0.735073	-0.834888	-0.521792	-0.175193	-0.494534	0.571368	0.65496	-1.5e-05	-7.7e-05	-5.8e-05	2.6e-05	-1.3e-05	5.4e-05	0.478259
0.043472	0.023079	-0.010959	-0.204025	-0.270035	0.940985	0.752989	-0.65754	-0.025432	0.625603	0.703364	0.337488	0.000638	-0.006387	0.003386	-0.039059	0.00349	-0.011308	0.521916	0.076956	0.023202	-0.062378	-0.243721	0.633067	-0.734728	-0.835179	-0.522115	-0.172831	-0.493026	0.571507	0.655974	-0.000389	-0.001987	-0.001534	0.000441	-0.000263	0.000457	0.4892
0.043655	0.022975	-0.010906	-0.18737	-0.272513	0.943731	0.752977	-0.656819	-0.040167	0.630807	0.703082	0.328264	0.000583	-0.005489	0.004161	0.226339	0.501223	-0.73791	0.521916	0.077074	0.023158	-0.062514	-0.243727	0.637511	-0.730873	-0.835522	-0.520664	-0.17553	-0.492442	0.567879	0.659555	-0.00053	-0.002716	-0.002102	0.008394	0.165922	0.053275	0.495405
0.043793	0.022958	-0.010887	-0.184632	-0.272882	0.944164	0.752934	-0.656717	-0.042568	0.631665	0.703034	0.326713	0.006921	0.000632	-0.000155	-0.000278	-0.019589	0.035696	0.521752	0.077102	0.023135	-0.062577	-0.243687	0.637622	-0.73079	-0.835474	-0.520681	-0.175705	-0.492543	0.567739	0.6596	-0.000495	-0.002546	-0.001971	-0.00297	-0.001159	-0.031632	0.496874
0.04412	0.022993	-0.010897	-0.189319	-0.271981	0.943495	0.752632	-0.657316	-0.038464	0.630636	0.702823	0.329144	0.006886	0.001171	0.000308	0.003007	-0.013619	0.02694	0.523222	0.077146	0.023091	-0.062662	-0.243807	0.639728	-0.728906	-0.835629	-0.520028	-0.176902	-0.492221	0.565966	0.661362	-0.000119	-0.000615	-0.000477	-0.00081	-0.006516	-0.002936	0.497527
0.044477	0.023039	-0.01092	-0.202226	-0.269853	0.941426	0.752475	-0.658067	-0.026993	0.626806	0.702941	0.336135	0.006963	7.5e-05	-0.000648	-0.073145	-0.157224	0.235848	0.522732	0.077163	0.023013	-0.062601	-0.243875	0.63972	-0.72889	-0.83586	-0.519783	-0.176529	-0.491794	0.5662	0.661479	0.000154	0.000795	0.000614	9.6e-05	-9.4e-05	-0.000161	0.495241
0.044733	0.023079	-0.011013	-0.216331	-0.267662	0.938913	0.752368	-0.658585	-0.014398	0.622208	0.703294	0.343853	0.00704	-0.000957	-0.001547	0.005686	-0.008766	0.01989	0.521589	0.077123	0.02294	-0.062433	-0.244312	0.639729	-0.728736	-0.836231	-0.519475	-0.175677	-0.490946	0.566472	0.661876	0.00016	-0.003333	0.005973	-0.035222	0.014982	-0.01746	0.490832
0.044771	0.023098	-0.011095	-0.223351	-0.263619	0.938412	0.752336	-0.658751	-0.005993	0.61976	0.704664	0.345463	0.000172	-0.002362	-0.002061	-0.276025	-0.424227	0.760047	0.522079	0.077087	0.022913	-0.062338	-0.244427	0.639756	-0.728674	-0.836444	-0.519253	-0.175314	-0.490525	0.566644	0.66204	0.000398	0.002063	0.001597	5.8e-05	3.6e-05	-6.9e-05	0.488057
0.0446	0.023187	-0.011371	-0.229897	-0.261359	0.937463	0.755988	-0.654578	0.002901	0.612885	0.709378	0.34807	-0.014152	9.2e-05	-0.00746	-0.005663	0.067367	0.030358	0.522242	0.076973	0.022914	-0.062164	-0.244926	0.639726	-0.728533	-0.836695	-0.51911	-0.174541	-0.489848	0.566811	0.662399	-0.006406	0.002879	0.002221	-0.00094	0.014722	-0.029599	0.481035
0.044055	0.023396	-0.011888	-0.233611	-0.256808	0.937803	0.766642	-0.641893	0.015198	0.598067	0.72251	0.346833	-0.015189	0.008832	-0.017742	0.075198	0.161323	0.017605	0.504444	0.076856	0.022991	-0.062067	-0.245147	0.63969	-0.72849	-0.836727	-0.519143	-0.174291	-0.489683	0.566821	0.662512	-0.006474	0.002509	0.001935	-0.000947	0.014731	-0.029575	0.478259
0.043704	0.02359	-0.012264	-0.237486	-0.257918	0.936524	0.776893	-0.629185	0.023728	0.583127	0.733214	0.349797	-0.015738	0.013812	-0.022349	0.063162	0.109498	-0.155934	0.485992	0.076785	0.023039	-0.062042	-0.24543	0.639621	-0.728456	-0.83664	-0.519338	-0.174126	-0.48969	0.56672	0.662594	-0.006529	0.002211	0.001704	-0.000957	0.01473	-0.029565	0.479075
0.042851	0.024149	-0.013222	-0.243224	-0.250275	0.937125	0.785031	-0.61825	0.038634	0.569708	0.745069	0.346847	-0.023091	0.01667	-0.028123	0.042445	0.689336	0.125933	0.423125	0.076655	0.023083	-0.06204	-0.245806	0.63952	-0.728417	-0.836493	-0.519636	-0.173942	-0.489752	0.566561	0.662684	-0.000169	-0.000845	-0.000646	2e-06	6e-06	-2.6e-05	0.483811
0.041838	0.024842	-0.0145	-0.236633	-0.23053	0.943854	0.784665	-0.618231	0.045724	0.572979	0.751429	0.327182	-0.030288	0.016778	-0.036373	0.113505	0.486501	0.162831	0.324171	0.076581	0.023025	-0.062085	-0.246203	0.639434	-0.728358	-0.836409	-0.519864	-0.173668	-0.489697	0.566449	0.66282	-0.000489	-0.002458	-0.001892	4e-06	1.2e-05	-7e-06	0.48724
0.040664	0.025592	-0.016101	-0.23858	-0.202401	0.949796	0.782547	-0.619228	0.06461	0.575064	0.758675	0.306124	-0.030637	0.018051	-0.044375	0.022716	0.698967	0.602708	0.166432	0.076612	0.022898	-0.062195	-0.246392	0.639392	-0.728332	-0.836342	-0.520003	-0.173571	-0.489715	0.566369	0.662875	0.006025	-0.004783	-0.003692	0.00019	-0.00147	0.003951	0.485607
0.040078	0.025928	-0.01699	-0.241888	-0.191208	0.951277	0.786474	-0.612828	0.076803	0.568284	0.766733	0.298616	-0.03057	0.016087	-0.046242	-0.093437	0.32336	1.11761	0.068131	0.07665	0.02285	-0.062278	-0.246291	0.639395	-0.728363	-0.836271	-0.520056	-0.173753	-0.489887	0.566316	0.662793	0.006165	-0.004099	-0.003167	0.00099	-0.014702	0.029562	0.478259
0.039022	0.026488	-0.018894	-0.257946	-0.175338	0.950115	0.78233	-0.61496	0.098906	0.566942	0.768816	0.295799	-0.030477	0.011765	-0.050478	-0.241481	-1.551749	2.269328	-0.100548	0.076688	0.022814	-0.062447	-0.246501	0.639288	-0.728386	-0.835936	-0.520527	-0.173957	-0.490354	0.566004	0.662715	-0.000253	0.002848	-0.006355	0.034507	-0.001753	-0.008214	0.44903
0.038066	0.026843	-0.020956	-0.267434	-0.174371	0.947667	0.778619	-0.618492	0.105925	0.567654	0.766199	0.301174	-0.016574	0.008886	-0.05498	0.26813	-0.157513	0.220834	-0.250939	0.076676	0.022833	-0.062541	-0.246374	0.639263	-0.728451	-0.835737	-0.520727	-0.174313	-0.490756	0.565848	0.66255	0.000167	0.004978	-0.004699	0.035295	-0.015012	0.017364	0.417188
0.03771	0.02697	-0.022001	-0.272674	-0.173947	0.94625	0.774604	-0.623037	0.108681	0.570645	0.762605	0.304626	-0.016121	0.003391	-0.051196	0.241161	-0.252449	0.376389	-0.306947	0.076675	0.022843	-0.062559	-0.249882	0.637676	-0.728646	-0.832525	-0.52575	-0.174605	-0.494428	0.562986	0.662257	5e-06	1.5e-05	1.2e-05	-0.000469	0.000503	-6.8e-05	0.405758
0.037272	0.02723	-0.023983	-0.289021	-0.172333	0.941683	0.765525	-0.632257	0.119248	0.574836	0.755348	0.314661	-0.009315	0.007526	-0.048396	0.24485	-0.286693	0.428107	-0.391042	0.076679	0.022859	-0.062547	-0.256162	0.633664	-0.729965	-0.821949	-0.540203	-0.180495	-0.508703	0.553759	0.659219	8.3e-05	0.000412	0.000319	-0.009266	0.093903	-0.179081	0.379142
0.037095	0.027488	-0.025747	-0.306754	-0.170564	0.936381	0.756747	-0.640394	0.131258	0.577265	0.748867	0.325517	-0.001922	0.005742	-0.041796	0.187381	-0.081901	0.128919	-0.412107	0.076684	0.022844	-0.062526	-0.264365	0.629227	-0.730879	-0.811738	-0.554387	-0.18367	-0.52076	0.544727	0.657328	-0.000137	-0.000687	-0.000534	0.377666	0.079805	-0.348382	0.348443
0.037105	0.027614	-0.027261	-0.336888	-0.170214	0.92603	0.750175	-0.642877	0.154745	0.568984	0.746817	0.344268	0.005565	0.002188	-0.036871	0.153669	-0.241474	0.355097	-0.36263	0.076683	0.022809	-0.062547	-0.268135	0.62746	-0.731024	-0.808285	-0.559406	-0.183681	-0.524192	0.541625	0.657163	-0.000272	-0.00138	-0.001071	-0.001609	0.013336	-0.02509	0.312519
0.037174	0.027624	-0.027967	-0.350226	-0.173522	0.920451	0.752364	-0.637463	0.166096	0.557933	0.750686	0.353808	0.005545	0.003403	-0.035804	0.177404	-0.311461	0.458691	-0.325726	0.076688	0.022786	-0.062571	-0.274966	0.624045	-0.731409	-0.801483	-0.568962	-0.184134	-0.531053	0.535582	0.656607	-0.000297	-0.001511	-0.001174	0.032878	0.00686	-0.028507	0.29717
0.03725	0.027699	-0.029115	-0.364225	-0.178891	0.913967	0.755485	-0.630623	0.177636	0.544592	0.755189	0.364839	-0.001121	0.002153	-0.026916	-0.323177	-0.307103	0.094487	-0.271677	0.076745	0.022723	-0.062659	-0.288168	0.614814	-0.73414	-0.787191	-0.588631	-0.183964	-0.545242	0.524896	0.653601	-0.000493	-0.002508	-0.001952	-0.0116	-0.15546	-0.081286	0.268594
0.037224	0.027827	-0.03005	-0.378868	-0.177729	0.908224	0.748507	-0.635982	0.187787	0.544239	0.750958	0.373984	-0.000718	0.000376	-0.019147	0.094805	-0.201711	0.287085	-0.247999	0.076851	0.022615	-0.062788	-0.304158	0.606618	-0.734507	-0.773002	-0.607779	-0.181857	-0.556736	0.512462	0.653778	0.006125	-0.004396	-0.003423	0.000507	0.000135	0.007615	0.237405
0.037193	0.027859	-0.030396	-0.3888	-0.177178	0.904125	0.744848	-0.638019	0.195276	0.542251	0.749359	0.380032	-0.000262	-0.003386	-0.013348	0.061312	-0.203604	0.287771	-0.24506	0.0769	0.022563	-0.062867	-0.313038	0.602096	-0.734497	-0.765965	-0.617293	-0.17957	-0.561519	0.506387	0.654421	-0.000771	-0.003945	-0.003084	0.001689	0.012125	-0.020686	0.21879
0.037139	0.027772	-0.030859	-0.410154	-0.176139	0.894845	0.737809	-0.640842	0.212034	0.536107	0.747192	0.3928	0.000161	-0.006081	-0.006426	0.014055	-0.091385	0.129103	-0.24506	0.076994	0.022427	-0.063076	-0.334948	0.591187	-0.733694	-0.751904	-0.636977	-0.169994	-0.567845	0.494729	0.65787	-0.000884	-0.000391	-0.008915	-1.698996	1.070989	-1.865081	0.175355
0.037165	0.027613	-0.031029	-0.444521	-0.17451	0.878604	0.726877	-0.643486	0.239945	0.523498	0.745298	0.412891	6e-05	-0.002211	-0.002344	-0.436263	-1.941596	2.384961	-0.245387	0.076989	0.022268	-0.063318	-0.363492	0.575932	-0.732239	-0.732925	-0.661982	-0.156841	-0.57506	0.479666	0.662741	-0.00112	-0.005731	-0.004511	1.273623	0.169053	-1.102392	0.144003
0.037226	0.027581	-0.031018	-0.471571	-0.172588	0.864773	0.716337	-0.646888	0.261524	0.514276	0.742797	0.428685	-3.2e-05	0.001447	0.001532	0.028818	-0.225	0.315333	-0.226445	0.076831	0.022122	-0.063576	-0.385597	0.564996	-0.729447	-0.723033	-0.676162	-0.141518	-0.573182	0.472845	0.669237	-0.007973	-0.00073	-0.009228	0.030968	0.115292	-0.233173	0.135022
0.037236	0.027616	-0.030975	-0.483844	-0.171625	0.85816	0.711135	-0.64863	0.271228	0.510079	0.7415	0.435884	-5.8e-05	0.002418	0.002561	-0.429276	-1.996472	2.431171	-0.202278	0.076741	0.022048	-0.063718	-0.397228	0.557851	-0.728705	-0.713713	-0.686944	-0.136825	-0.576908	0.465735	0.671018	-0.008076	-0.001212	-0.009622	-0.020577	0.148245	-0.287613	0.139594
0.03715	0.027694	-0.030861	-0.506168	-0.169903	0.845533	0.701306	-0.651707	0.288872	0.50196	0.739195	0.449027	-0.007153	0.002069	0.002926	-0.124748	-0.814741	1.004646	-0.106753	0.076524	0.021859	-0.064037	-0.41512	0.545065	-0.728408	-0.694343	-0.70716	-0.133459	-0.587846	0.450364	0.672018	-0.008437	-0.007084	-0.005668	-0.004402	0.042079	-0.07935	0.166701
0.03687	0.027722	-0.030736	-0.522727	-0.168867	0.835607	0.694021	-0.653511	0.302088	0.495067	0.737839	0.458805	-0.007138	0.001652	0.002483	0.024931	-0.240168	0.32581	-0.000614	0.076235	0.021673	-0.064278	-0.43083	0.535442	-0.72642	-0.684947	-0.718119	-0.123089	-0.587564	0.444529	0.676137	-0.008043	-0.004995	-0.004025	-0.011879	0.033743	-0.063568	0.204911
0.03669	0.027717	-0.030685	-0.533075	-0.168453	0.829128	0.689718	-0.654099	0.310551	0.490019	0.737412	0.464869	-0.014196	-2e-06	0.001466	0.011797	-0.076757	0.093241	0.018654	0.076062	0.021602	-0.064343	-0.435892	0.531036	-0.726634	-0.684425	-0.719872	-0.115523	-0.584431	0.446971	0.677241	-0.007705	-0.003271	-0.002649	-0.024752	-0.220692	-0.17125	0.225322
0.036319	0.027705	-0.030638	-0.553503	-0.177938	0.813616	0.690903	-0.643614	0.329262	0.465067	0.744378	0.47918	-0.007092	-0.000179	0.000545	-0.148907	-0.687235	0.807784	0.052782	0.075663	0.02156	-0.064371	-0.453572	0.522744	-0.72181	-0.68307	-0.724122	-0.09519	-0.572439	0.449872	0.685512	-0.007098	-0.000219	-0.000201	-0.576228	0.481093	-0.806275	0.279698
0.035942	0.027676	-0.030607	-0.562735	-0.177414	0.807374	0.686018	-0.645155	0.336382	0.461203	0.743168	0.48476	-0.007093	-0.000169	0.000552	0.011768	-0.099354	0.131388	0.066008	0.075245	0.021497	-0.064391	-0.475128	0.510411	-0.716751	-0.679993	-0.729959	-0.069056	-0.558446	0.454575	0.6939	-0.014511	-0.001866	-0.001577	-0.569547	0.516077	-0.85499	0.34779
0.035522	0.027663	-0.030578	-0.574765	-0.190925	0.795733	0.690541	-0.634924	0.346442	0.439086	0.74861	0.496775	-0.007094	2.8e-05	0.000751	-0.445784	-1.887863	2.177664	0.070744	0.074831	0.021252	-0.06446	-0.492446	0.512392	-0.703526	-0.703751	-0.710023	-0.02452	-0.512084	0.483033	0.710245	-0.008183	-0.005274	-0.004304	-1.400691	0.370865	0.612596	0.405921
0.035309	0.027665	-0.030554	-0.579035	-0.198097	0.790869	0.694963	-0.627146	0.351728	0.426314	0.753289	0.50081	-0.007097	0.0005	0.001247	-0.004265	0.029294	-0.03343	0.07352	0.074636	0.021114	-0.064527	-0.489021	0.530432	-0.692458	-0.735054	-0.678007	-0.00026	-0.46963	0.508868	0.721456	-0.008325	-0.005884	-0.004817	-4.199052	0.655421	3.39488	0.434497
0.034894	0.027702	-0.030481	-0.586448	-0.204798	0.783668	0.694896	-0.624314	0.356863	0.41617	0.753849	0.508441	-0.014187	0.001146	0.002616	-0.011669	0.028518	-0.031375	0.075152	0.074446	0.020945	-0.064724	-0.464984	0.569021	-0.678235	-0.787163	-0.616331	0.022578	-0.40517	0.54438	0.734497	-0.00103	-0.004865	-0.003954	-0.366483	0.326702	-0.194744	0.457684
0.034383	0.027738	-0.030385	-0.595422	-0.21128	0.775133	0.691638	-0.625704	0.360734	0.408789	0.750902	0.518688	-0.014178	0.000729	0.002162	0.155662	-0.59277	-0.206672	0.057191	0.074434	0.020872	-0.065014	-0.446752	0.596699	-0.666604	-0.818217	-0.573861	0.03468	-0.361845	0.560921	0.744603	-0.000764	0.000494	-0.008371	0.050158	0.302587	-0.299306	0.439559
0.03381	0.027769	-0.030297	-0.603234	-0.226625	0.764688	0.690351	-0.628504	0.358326	0.399404	0.744058	0.535586	-0.014169	0.000785	0.002203	0.240113	-0.516101	-0.343264	0.037432	0.074409	0.020999	-0.065331	-0.444795	0.600166	-0.664798	-0.820893	-0.57003	0.034622	-0.358176	0.561129	0.746219	0.000199	0.00912	-0.01009	0.063927	0.061605	-0.147322	0.404452
0.033464	0.027776	-0.030256	-0.607183	-0.236822	0.758447	0.69009	-0.630308	0.355648	0.393831	0.739341	0.546141	-0.021244	0.000484	0.002553	0.061466	-1.235089	0.337804	0.02143	0.074391	0.021195	-0.0655	-0.437401	0.600797	-0.66912	-0.820005	-0.571912	0.022519	-0.369149	0.558532	0.742812	0.000635	0.011154	-0.008419	0.221955	-0.054365	0.017405	0.379305
0.032619	0.0278	-0.030172	-0.609382	-0.258617	0.749513	0.692489	-0.633987	0.344264	0.38615	0.728818	0.56543	-0.021669	0.006034	-0.00145	0.295889	-0.678937	-0.349158	-0.054664	0.074222	0.02182	-0.065845	-0.418675	0.599888	-0.681795	-0.81633	-0.577543	-0.00687	-0.397888	0.553694	0.73151	-0.005545	0.019435	-0.010459	0.133716	0.133776	-0.268583	0.323949
0.032158	0.027805	-0.030123	-0.610251	-0.268752	0.745229	0.693527	-0.635909	0.338585	0.382902	0.723458	0.57445	-0.021219	0.000577	0.002592	0.080377	-0.278497	-0.056922	-0.072625	0.074074	0.022185	-0.066055	-0.415416	0.596979	-0.686326	-0.812613	-0.582612	-0.014912	-0.408764	0.551523	0.72714	-0.005867	0.017862	-0.011734	0.078975	0.247901	-0.530248	0.301742
0.031341	0.027776	-0.030055	-0.620462	-0.289502	0.728845	0.691356	-0.640636	0.334083	0.370207	0.711177	0.597639	-0.014165	-0.001238	1.9e-05	0.135124	-0.381278	-0.109286	-0.068543	0.073759	0.02287	-0.066522	-0.42242	0.588159	-0.689659	-0.804225	-0.594156	-0.01412	-0.41807	0.548677	0.723996	-0.012923	0.017776	-0.011856	-0.086839	-0.466292	-0.678268	0.287046
0.030665	0.02765	-0.030029	-0.630143	-0.314322	0.710014	0.692135	-0.641841	0.330132	0.351949	0.699457	0.622005	-0.021276	-0.002663	-0.000863	0.24841	-0.900618	-0.245178	-0.019229	0.073544	0.023465	-0.066976	-0.430673	0.58074	-0.690841	-0.800003	-0.599968	-0.005625	-0.417749	0.550253	0.722984	-0.005936	0.017311	-0.012163	-3.873376	0.19946	3.643499	0.286719
0.030129	0.027418	-0.030026	-0.639126	-0.343573	0.688095	0.695662	-0.639779	0.326706	0.327981	0.687488	0.64791	-0.013821	-0.008492	0.002166	0.143794	-0.588858	0.022638	0.020287	0.073357	0.023992	-0.067295	-0.420071	0.588394	-0.690891	-0.812073	-0.583546	-0.003222	-0.405063	0.559701	0.72295	0.000579	0.00664	-0.003305	-0.315984	0.028598	0.373886	0.295047
0.029907	0.027269	-0.029992	-0.646797	-0.354866	0.675072	0.692978	-0.643095	0.325896	0.318487	0.678599	0.661867	-0.006733	-0.007529	0.002544	0.329474	-0.787091	-0.16698	0.027308	0.073238	0.02421	-0.067406	-0.42042	0.59056	-0.688828	-0.814934	-0.579553	0.000513	-0.39891	0.561565	0.724923	-0.005946	0.013068	-0.006861	-1.549332	1.355438	-1.723112	0.306641
0.029463	0.026894	-0.02983	-0.653173	-0.377112	0.65662	0.692281	-0.648727	0.316068	0.306774	0.661014	0.684799	-0.013469	-0.01353	0.006662	0.31839	-0.856252	-0.332018	0.027472	0.072945	0.024499	-0.067514	-0.419001	0.594883	-0.685967	-0.820773	-0.571222	0.005969	-0.388289	0.565524	0.727607	-0.006338	0.007203	-0.002915	-0.506522	0.458885	-0.591633	0.339136
0.028863	0.02645	-0.029594	-0.6578	-0.397246	0.639917	0.69258	-0.652935	0.306607	0.296026	0.64488	0.704625	-0.013483	-0.012511	0.007727	0.093973	-0.548134	0.18834	0.055884	0.072543	0.024611	-0.067466	-0.410487	0.602144	-0.684779	-0.83021	-0.557399	0.007529	-0.377162	0.571601	0.728711	-0.013545	0.002438	0.001846	-0.000842	0.02876	-0.059511	0.372937
0.028538	0.026265	-0.029465	-0.659273	-0.405157	0.633408	0.692974	-0.654323	0.302735	0.291798	0.63852	0.712141	-0.020595	-0.012026	0.008829	0.318424	-0.640686	-0.388314	0.087726	0.072313	0.024626	-0.06741	-0.407673	0.60453	-0.684357	-0.833356	-0.552674	0.008226	-0.373254	0.573667	0.729099	-0.013581	0.002292	0.001724	-0.001042	0.029038	-0.059706	0.389592
0.02778	0.025918	-0.029196	-0.660769	-0.417498	0.623762	0.694265	-0.655802	0.296512	0.285272	0.628982	0.723188	-0.021011	-0.006595	0.004693	0.096207	-0.269213	-0.102505	0.170351	0.071864	0.024644	-0.067335	-0.408489	0.6043	-0.684074	-0.833127	-0.553008	0.008976	-0.372874	0.573587	0.729356	-0.013792	0.001388	0.000978	0.002993	-0.066532	0.114518	0.418005
0.026917	0.025521	-0.028986	-0.65896	-0.427723	0.618727	0.697601	-0.655145	0.290064	0.281289	0.622766	0.730094	-0.020767	-0.013798	0.006926	-0.074238	0.051908	-0.181216	0.223584	0.071456	0.02469	-0.067308	-0.409265	0.604051	-0.683829	-0.832802	-0.553488	0.009508	-0.372749	0.573386	0.729579	-0.006888	0.000737	0.000527	-0.000661	0.014706	-0.029926	0.441029
0.026153	0.025204	-0.028836	-0.659381	-0.439333	0.610084	0.700174	-0.654403	0.285503	0.27381	0.61542	0.739111	-0.021106	-0.006915	0.004292	0.198274	-0.305682	-0.369742	0.277306	0.071152	0.024723	-0.067278	-0.410118	0.60381	-0.683532	-0.832473	-0.553973	0.010121	-0.372547	0.573173	0.729849	-0.006857	0.000872	0.000631	-0.00077	0.014713	-0.029802	0.459644
0.02581	0.025076	-0.028766	-0.65937	-0.44524	0.605798	0.701601	-0.653957	0.28301	0.270159	0.611637	0.74358	-0.013984	-0.006779	0.003865	0.012489	-0.061452	-0.169606	0.31225	0.071039	0.02474	-0.067266	-0.410347	0.603738	-0.683458	-0.83238	-0.554109	0.010283	-0.372502	0.573117	0.729917	2e-06	1.3e-05	2.1e-05	0.000189	1.6e-05	-0.0002	0.4634
0.025197	0.024803	-0.028656	-0.659034	-0.460449	0.594693	0.705091	-0.653433	0.275446	0.261764	0.600841	0.755293	-0.014103	-0.008447	0.002091	0.23012	-0.533832	-0.311538	0.364993	0.070927	0.024765	-0.06726	-0.410006	0.60379	-0.683616	-0.832486	-0.553954	0.010023	-0.372641	0.573211	0.729771	-0	4e-06	1.3e-05	0.000147	2e-06	-0.000119	0.465196
0.024704	0.024474	-0.028608	-0.655697	-0.477722	0.584673	0.710083	-0.653356	0.262499	0.256598	0.587287	0.767626	-0.007017	-0.008945	0.001006	0.218825	-0.47613	-0.203002	0.380996	0.070948	0.024757	-0.06726	-0.40914	0.603993	-0.683955	-0.832828	-0.553449	0.00945	-0.372827	0.573484	0.729461	-0.000161	-0.00067	-0.000541	-0.000545	0.013911	-0.025321	0.461114
0.02425	0.02408	-0.028522	-0.652281	-0.496282	0.572915	0.715336	-0.652994	0.248781	0.250645	0.572102	0.780945	-0.014171	-0.008455	0.002046	0.127574	-0.358605	-0.137546	0.370545	0.071071	0.024709	-0.06727	-0.405072	0.606701	-0.68398	-0.836407	-0.54803	0.009232	-0.36924	0.575826	0.729441	0.006763	-0.001269	-0.000946	0.00133	-0.014987	0.029475	0.452296
0.024041	0.023858	-0.028443	-0.650432	-0.506291	0.566222	0.718188	-0.65261	0.241463	0.247272	0.56371	0.788091	-0.006704	-0.013801	0.005736	0.352493	-0.710514	-0.381325	0.361074	0.071146	0.024687	-0.067281	-0.404653	0.606807	-0.684134	-0.836576	-0.547777	0.008958	-0.369318	0.575956	0.7293	-4.1e-05	-0.000171	-0.000142	0.000193	-5.5e-05	-0.000152	0.444948
0.02366	0.023467	-0.028212	-0.647738	-0.528786	0.54847	0.72339	-0.652752	0.22499	0.239044	0.542493	0.805331	-0.006585	-0.011482	0.008183	0.420926	-0.987227	-0.335294	0.349317	0.071295	0.024669	-0.0673	-0.403917	0.609375	-0.682284	-0.837073	-0.547045	0.006967	-0.368995	0.573936	0.731053	-0.000312	-0.005351	0.004359	-0.041928	0.006656	-0.017338	0.435804
0.023421	0.023076	-0.027855	-0.646967	-0.550101	0.528035	0.7271	-0.653657	0.209896	0.229691	0.519731	0.822873	0.000681	-0.009927	0.009303	0.233009	-0.663534	-0.049072	0.348501	0.071423	0.024644	-0.067306	-0.403364	0.609305	-0.682674	-0.837304	-0.546695	0.006788	-0.369079	0.574344	0.73069	-0.000391	-0.005702	0.004072	-0.035177	0.015483	-0.017204	0.432374
0.023358	0.022806	-0.027608	-0.64717	-0.558414	0.518983	0.728373	-0.653883	0.204714	0.225039	0.510498	0.829908	0.000991	-0.015343	0.013478	0.277004	-0.80405	-0.195699	0.35046	0.071469	0.024632	-0.067309	-0.403177	0.60935	-0.682743	-0.837383	-0.546574	0.006678	-0.3691	0.574411	0.730626	1e-06	-0	-4e-06	0.000108	-0.000103	-0.000194	0.431395
0.023302	0.022092	-0.026981	-0.645519	-0.574046	0.503761	0.731902	-0.653427	0.193266	0.218228	0.493461	0.841945	0.001303	-0.020711	0.01773	0.136204	-0.49087	-0.203412	0.352093	0.071509	0.02461	-0.0673	-0.40306	0.609394	-0.682774	-0.837468	-0.546444	0.006664	-0.369037	0.574488	0.730598	-0	3e-06	-1e-06	0.000103	-2e-05	-0.000121	0.430415
0.0233	0.02127	-0.026182	-0.636535	-0.588606	0.498362	0.7382	-0.652105	0.17268	0.223344	0.477808	0.849597	0.001794	-0.023349	0.02486	0.771317	-0.255829	-0.643039	0.342949	0.071492	0.024588	-0.067273	-0.403081	0.609409	-0.682747	-0.83753	-0.546347	0.006801	-0.368873	0.574564	0.730621	-3e-06	-2e-06	-3e-06	5.7e-05	-1.3e-05	-8.9e-05	0.430252
0.023333	0.020873	-0.025717	-0.63296	-0.595464	0.494755	0.740525	-0.652062	0.162592	0.225794	0.469293	0.853686	0.001896	-0.021801	0.02649	0.328322	-0.913029	-0.169837	0.334621	0.07146	0.024568	-0.06725	-0.403172	0.609405	-0.682698	-0.837556	-0.546305	0.00697	-0.368714	0.574608	0.730666	-0.006831	0.000989	0.000719	-0.000945	0.014708	-0.02962	0.430415
0.023434	0.020129	-0.024686	-0.627321	-0.606537	0.488446	0.743313	-0.653424	0.143251	0.232276	0.452934	0.860754	0.002022	-0.019837	0.028538	0.750935	-0.169801	-0.55854	0.321885	0.071425	0.024531	-0.067229	-0.403081	0.609447	-0.682714	-0.837672	-0.546127	0.007051	-0.368551	0.574733	0.730651	-7.9e-05	-0.000338	-0.000278	4e-05	1e-06	-3.9e-05	0.431395
0.023467	0.019449	-0.023605	-0.626186	-0.613859	0.480694	0.743456	-0.655837	0.130956	0.234869	0.439378	0.867053	-0.005446	-0.013337	0.025953	0.321608	-0.804856	-0.098129	0.317802	0.071405	0.024533	-0.067227	-0.403036	0.609454	-0.682734	-0.837688	-0.546102	0.007022	-0.368563	0.574749	0.730632	0	8e-06	1e-05	3e-05	-2e-06	-3.6e-05	0.431885
0.023397	0.018937	-0.022581	-0.627222	-0.618452	0.473401	0.742753	-0.657855	0.12467	0.234327	0.429816	0.871979	-0.005405	-0.01268	0.026591	0.066641	-0.358152	-0.061578	0.316169	0.071402	0.024549	-0.067227	-0.40299	0.609456	-0.682759	-0.837685	-0.546109	0.006956	-0.368622	0.57474	0.730609	1e-06	1e-05	1e-05	1.9e-05	-3e-06	-2.3e-05	0.432374
0.023299	0.018733	-0.022107	-0.626874	-0.61988	0.471993	0.743122	-0.657722	0.123168	0.234091	0.427959	0.872955	-0.005409	-0.012771	0.026477	-0.112771	-0.023821	-0.092776	0.317639	0.071397	0.02455	-0.067227	-0.403013	0.60945	-0.682751	-0.837676	-0.546122	0.006972	-0.368617	0.574734	0.730616	-2e-06	-6e-06	-4e-06	2.4e-05	-3e-06	-2e-05	0.432538
0.022945	0.018426	-0.021244	-0.62402	-0.623615	0.470853	0.74579	-0.655158	0.120678	0.233227	0.426463	0.873918	-0.013013	-0.008628	0.021426	-0.113706	0.035022	-0.068815	0.319925	0.07138	0.024548	-0.067228	-0.4031	0.609429	-0.682719	-0.837642	-0.546172	0.007032	-0.368597	0.574709	0.730646	1e-06	0	0	2.3e-05	1e-06	-2.1e-05	0.433354
0.022515	0.018291	-0.020619	-0.620803	-0.626517	0.471251	0.748846	-0.651798	0.119943	0.232015	0.427356	0.873805	-0.006499	0.000665	0.010868	-0.046138	0.024079	-0.015898	0.322374	0.07135	0.024556	-0.067222	-0.403217	0.609398	-0.682677	-0.837597	-0.54624	0.007113	-0.368572	0.574677	0.730684	-0	-0	-1e-06	2e-05	2e-06	-1.1e-05	0.43613
0.022265	0.018273	-0.020387	-0.620739	-0.627693	0.469769	0.749761	-0.650435	0.121618	0.229216	0.427707	0.874371	-0.013782	-0.000517	0.010162	0.369253	-0.503545	-0.359786	0.322538	0.071325	0.024564	-0.067222	-0.403315	0.609369	-0.682645	-0.837549	-0.546313	0.007163	-0.368573	0.574638	0.730714	-0.006829	0.000994	0.00072	-0.000971	0.014714	-0.029565	0.437436
0.021745	0.018318	-0.020137	-0.624572	-0.630264	0.461169	0.750119	-0.648464	0.12967	0.217326	0.42692	0.877786	-0.014225	0.002554	0.00356	-1.6193	-1.857826	1.128975	0.321721	0.071258	0.024574	-0.067222	-0.403478	0.60932	-0.682593	-0.837476	-0.546424	0.007261	-0.368562	0.574585	0.730762	-0	2e-06	4e-06	8e-06	-3e-06	-1.9e-05	0.440049
0.021051	0.018432	-0.020055	-0.630219	-0.631338	0.451922	0.74903	-0.647611	0.139828	0.204391	0.426626	0.881029	-0.021833	0.00611	-0.002065	-0.008401	-0.012535	-0.040426	0.320252	0.07115	0.024591	-0.067216	-0.401685	0.609396	-0.683582	-0.837444	-0.546501	0.004905	-0.370589	0.574432	0.729856	-0.006847	0.000918	0.000662	-0.00286	0.016248	-0.031345	0.441845
0.020331	0.018492	-0.020034	-0.630173	-0.63434	0.447764	0.75027	-0.645967	0.140782	0.199937	0.424661	0.882998	-0.014454	-0.000606	0.000365	-0.004625	0.035666	-0.057805	0.312414	0.071027	0.024605	-0.0672	-0.402262	0.609256	-0.683367	-0.83724	-0.546807	0.005334	-0.370421	0.574289	0.730054	-1e-06	3e-06	1e-05	-2.2e-05	4e-05	-3.9e-05	0.443478
0.020001	0.018495	-0.020023	-0.631975	-0.633057	0.44704	0.747997	-0.649164	0.138146	0.202748	0.42169	0.883781	-0.014453	-0.000588	0.000374	-0.014405	0.04246	-0.054467	0.307188	0.07096	0.024614	-0.067192	-0.400426	0.609352	-0.684359	-0.837233	-0.546837	0.002971	-0.372423	0.574158	0.729138	-0.00683	0.001009	0.000737	-0.001995	0.015533	-0.030524	0.443478
0.019379	0.018488	-0.019981	-0.637087	-0.630243	0.443748	0.74289	-0.655556	0.135493	0.205508	0.415977	0.885848	-0.021608	-5e-06	0.001395	0.000976	0.026957	-0.109746	0.296085	0.070774	0.024639	-0.067181	-0.39711	0.609447	-0.686205	-0.837042	-0.547135	-0.001534	-0.376382	0.573773	0.727406	-2e-06	0	8e-06	0.008984	-0.007857	0.010203	0.442825
0.018856	0.018478	-0.019943	-0.639939	-0.631985	0.437116	0.741226	-0.657689	0.134266	0.202633	0.409924	0.889326	-0.01445	-0.000427	0.000498	0.328138	-0.389243	-0.273589	0.290859	0.070475	0.024679	-0.067166	-0.390607	0.609621	-0.689772	-0.836559	-0.547776	-0.010395	-0.384178	0.572976	0.72395	-0.006954	0.000491	0.000312	-0.012339	0.116175	-0.210263	0.441682
0.018623	0.018468	-0.019931	-0.63836	-0.63444	0.435868	0.742597	-0.656643	0.13179	0.202597	0.407804	0.890308	-0.01445	-0.000397	0.000517	0.245504	-0.319314	-0.265523	0.287757	0.070255	0.024695	-0.067162	-0.386207	0.609641	-0.692229	-0.835964	-0.548529	-0.016687	-0.389881	0.572234	0.721484	-0.014027	0.000483	0.000202	-0.014609	0.145305	-0.265545	0.439233
0.018166	0.018439	-0.019931	-0.641631	-0.635642	0.429264	0.740591	-0.659045	0.131083	0.199583	0.402016	0.893615	-0.014505	-0.000924	-2.2e-05	0.073364	-0.067409	-0.164339	0.280572	0.06967	0.024687	-0.067177	-0.379119	0.609366	-0.696376	-0.834282	-0.550643	-0.027645	-0.400301	0.570495	0.717143	-0.014608	-0.001839	-0.001709	1.613058	-1.35484	1.648652	0.43662
0.017713	0.018411	-0.019946	-0.64327	-0.638245	0.422902	0.741191	-0.65758	0.134994	0.191933	0.400289	0.896063	-0.007324	-0.001123	-0.000671	0.084596	-0.109791	-0.111995	0.279919	0.068961	0.024573	-0.067281	-0.370813	0.609121	-0.701048	-0.832374	-0.552767	-0.040008	-0.411886	0.568699	0.71199	-0.015575	-0.005589	-0.004817	-0.01261	0.06488	-0.118356	0.437763
0.017303	0.018417	-0.019972	-0.645522	-0.639156	0.418066	0.741095	-0.656512	0.140598	0.184602	0.400586	0.897469	-0.007279	-0.000648	-0.000204	-0.000955	0.019359	-0.029015	0.288083	0.06814	0.02434	-0.067492	-0.362886	0.608616	-0.705619	-0.829834	-0.555543	-0.052405	-0.423897	0.56653	0.706649	-0.016235	-0.007918	-0.006804	1.606756	-1.35907	1.614314	0.435804
0.017139	0.018462	-0.019998	-0.646339	-0.639388	0.416446	0.740938	-0.656331	0.142266	0.182363	0.400513	0.897959	-0.007404	0.005783	-0.003423	0.037749	0.006137	-0.013544	0.293635	0.067715	0.024182	-0.06763	-0.361654	0.608178	-0.706629	-0.828671	-0.556998	-0.055278	-0.427211	0.565572	0.70542	-0.023388	-0.007833	-0.00692	1.606621	-1.337684	1.559998	0.43515
0.016953	0.01856	-0.020047	-0.646203	-0.641663	0.413145	0.741619	-0.655711	0.141572	0.180062	0.397881	0.899592	-0.007188	0.000188	0.000621	-0.012212	0.026803	-0.02685	0.3018	0.067035	0.023846	-0.067915	-0.365034	0.607214	-0.705719	-0.827329	-0.559191	-0.053201	-0.426937	0.564442	0.70649	-0.016516	-0.008505	-0.007425	-0.003433	0.057365	-0.109782	0.432701
0.016843	0.018578	-0.020065	-0.644634	-0.643937	0.412056	0.742959	-0.654707	0.13917	0.18016	0.395855	0.900466	-9e-06	-8.5e-05	-8e-05	-0.011996	0.012551	0.002188	0.303269	0.066475	0.023538	-0.068192	-0.363804	0.608911	-0.704892	-0.829923	-0.555492	-0.05152	-0.422934	0.566263	0.70744	-0.009065	-0.007178	-0.006221	0.002843	-0.067328	0.119335	0.430578
