0.154338	0.008301	0.430342	-0.367519	0.91428	-0.170496	-0.883171	-0.40048	-0.244126	-0.29103	0.059716	0.954863	0.000178	0.001781	0.00082	-0.00797	-0.016884	-0.005649	0.411446	-0.186992	0.047609	0.377027	0.445291	0.872564	0.200846	-0.894855	0.440918	0.06899	-0.028906	-0.211554	0.976868	-0.001343	0.018381	-0.018733	-0.387131	0.429409	0.292282	0.424991
0.154348	0.008351	0.43031	-0.372657	0.911689	-0.173193	-0.880878	-0.406169	-0.243008	-0.291437	0.060865	0.954666	3e-05	0.000297	0.000137	-0.021232	-0.045015	-0.015073	0.412996	-0.187007	0.047931	0.376674	0.447076	0.87081	0.204462	-0.893985	0.442201	0.071997	-0.028267	-0.216078	0.975897	-0.001381	0.017283	-0.019281	-0.14072	0.267975	-0.012749	0.418675
0.154343	0.008492	0.430091	-0.372381	0.91076	-0.178586	-0.880844	-0.40737	-0.241112	-0.29189	0.066385	0.954159	-0.000281	0.007169	-0.01124	-0.00571	-0.098372	-0.010043	0.415207	-0.186976	0.048502	0.375853	0.453143	0.865166	0.214805	-0.891012	0.446396	0.082235	-0.025299	-0.229754	0.972849	-0.001508	0.013627	-0.021134	-0.102168	0.156581	0.117725	0.416018
0.154356	0.008868	0.429621	-0.377067	0.907189	-0.186748	-0.878298	-0.414162	-0.238818	-0.293536	0.072838	0.953183	-7.9e-05	0.009187	-0.010303	-0.032123	-0.149166	-0.751225	0.416676	-0.186983	0.049241	0.374879	0.460539	0.856128	0.234394	-0.887107	0.452456	0.090881	-0.028814	-0.250871	0.967521	-0.00209	0.025301	-0.029144	0.137102	1.049143	0.162775	0.418236
0.15434	0.00952	0.428864	-0.38079	0.9033	-0.197721	-0.87577	-0.420865	-0.23637	-0.296261	0.082024	0.951593	-0.000189	0.018044	-0.020735	-0.084448	-0.438119	0.106766	0.424922	-0.186992	0.050085	0.373728	0.466948	0.847107	0.253695	-0.883485	0.458582	0.095343	-0.036149	-0.269728	0.962187	0.00893	0.03248	-0.040247	-0.025114	0.444267	0.214188	0.423639
0.154316	0.009915	0.428383	-0.385203	0.899599	-0.205879	-0.873183	-0.427423	-0.234163	-0.298178	0.088447	0.950418	-0.000355	0.016375	-0.021491	-0.089667	-0.365798	-0.080411	0.42846	-0.186923	0.050544	0.373072	0.471744	0.84207	0.261473	-0.880904	0.462431	0.100494	-0.036871	-0.278806	0.959568	0.009495	0.020378	-0.032426	-0.327009	0.373376	0.328476	0.429363
0.154286	0.010863	0.427111	-0.393279	0.890832	-0.227586	-0.867844	-0.441346	-0.228107	-0.303168	0.106688	0.94696	-0.000668	0.023171	-0.032825	-0.150586	-0.659292	0.02015	0.434011	-0.186616	0.051417	0.371641	0.481614	0.826833	0.290493	-0.87511	0.471104	0.11035	-0.046204	-0.308405	0.95006	0.009383	0.017172	-0.034047	-0.442184	0.477646	0.399737	0.435064
0.154251	0.011936	0.425628	-0.404774	0.878254	-0.254703	-0.859993	-0.46022	-0.220412	-0.310301	0.12873	0.941896	-0.000754	0.022265	-0.033182	-0.260128	-0.904116	-0.069623	0.43368	-0.186246	0.052032	0.37021	0.495568	0.799754	0.338818	-0.866146	0.483748	0.125349	-0.064264	-0.356595	0.931973	0.008627	0.023714	-0.044658	-0.282901	1.255	0.689192	0.431956
0.154227	0.012509	0.424829	-0.411694	0.870925	-0.268406	-0.854972	-0.471008	-0.21713	-0.315021	0.139001	0.938865	-0.000778	0.031919	-0.043165	-0.139917	-0.766711	-0.015019	0.433035	-0.186094	0.052303	0.369462	0.502847	0.783153	0.365797	-0.860908	0.491282	0.131961	-0.076982	-0.382262	0.920768	0.009232	0.012141	-0.036674	-0.220982	1.154339	0.579876	0.429154
0.154115	0.013558	0.423342	-0.418151	0.858833	-0.295975	-0.848291	-0.485661	-0.210967	-0.324416	0.161785	0.931991	-0.012963	0.022819	-0.032398	-0.227606	-0.931159	0.089121	0.429767	-0.185983	0.052786	0.36799	0.50746	0.75359	0.417827	-0.855222	0.499436	0.138181	-0.10517	-0.428405	0.897369	-0.002584	0.010142	-0.036928	-0.020303	1.124069	0.02858	0.422667
0.15386	0.014604	0.421916	-0.421977	0.84783	-0.321193	-0.842298	-0.497615	-0.207088	-0.334888	0.182095	0.924509	-0.012866	0.023608	-0.031971	-0.11762	-0.613664	-0.010116	0.422418	-0.185701	0.053202	0.366278	0.50217	0.741097	0.445637	-0.857283	0.494012	0.144748	-0.113495	-0.455657	0.882813	0.008412	0.01586	-0.048853	-0.124238	0.497327	-0.340409	0.415389
0.153465	0.015569	0.420666	-0.426061	0.837666	-0.341808	-0.83802	-0.50771	-0.19981	-0.34039	0.200265	0.918725	-0.012615	0.025873	-0.030859	-0.108342	-0.634262	-0.003376	0.425442	-0.185104	0.053617	0.364476	0.496102	0.730562	0.469204	-0.861079	0.483045	0.158573	-0.111408	-0.483609	0.868086	0.020845	0.00408	-0.04197	-0.547832	0.767806	0.105313	0.408682
0.153247	0.016008	0.420131	-0.425188	0.8345	-0.350529	-0.836594	-0.510088	-0.199732	-0.344955	0.207285	0.915459	-0.012537	0.026521	-0.030531	-0.110451	-0.732478	0.183637	0.428674	-0.184812	0.053835	0.363538	0.494563	0.72149	0.484613	-0.862125	0.477617	0.168988	-0.110144	-0.502279	0.857582	0.008436	0.015197	-0.049288	-0.680699	1.033163	0.036463	0.40984
0.152761	0.016901	0.419092	-0.427673	0.827888	-0.362963	-0.833962	-0.516213	-0.194941	-0.348231	0.218293	0.911652	-0.012391	0.017987	-0.020034	2.036226	0.875936	-4.890669	0.430454	-0.184473	0.054122	0.361809	0.507489	0.692678	0.512487	-0.853777	0.484157	0.191287	-0.116248	-0.535494	0.836418	0.009064	0.002633	-0.042089	-0.540792	0.808314	0.100319	0.409946
0.152222	0.01758	0.418314	-0.424367	0.824364	-0.374677	-0.835945	-0.515639	-0.187841	-0.347526	0.232467	0.908412	-0.012494	0.016853	-0.020538	-0.147699	-0.553979	-0.232194	0.432211	-0.184496	0.0544	0.359989	0.515617	0.662921	0.542831	-0.848021	0.485046	0.213365	-0.122487	-0.571177	0.811552	-0.003451	0.011806	-0.050505	-0.452756	0.798384	0.052685	0.400844
0.151917	0.017873	0.417986	-0.422741	0.823892	-0.377542	-0.836115	-0.515213	-0.188252	-0.349095	0.235058	0.907142	-0.012351	0.018109	-0.01994	0.056567	-0.043828	-0.005208	0.435392	-0.184647	0.05461	0.359063	0.515613	0.651695	0.556262	-0.848082	0.480299	0.223614	-0.122078	-0.58787	0.799606	-0.015259	0.013378	-0.048824	-0.457827	0.802244	0.043167	0.389451
0.151319	0.018309	0.417401	-0.420709	0.820033	-0.388067	-0.835854	-0.516595	-0.185605	-0.35216	0.245258	0.903249	-0.024815	0.006362	-0.010577	-0.087304	-0.282067	-0.187493	0.440695	-0.185214	0.055322	0.357179	0.519515	0.627587	0.579854	-0.844304	0.48101	0.236039	-0.131419	-0.612983	0.779002	-0.015129	0.018638	-0.045857	-0.487931	0.840892	0.109714	0.384633
0.150726	0.018684	0.416808	-0.419405	0.816947	-0.395907	-0.835398	-0.517937	-0.183908	-0.354784	0.252589	0.900197	-0.012728	0.005031	-0.011627	-0.094572	-0.319178	-0.167412	0.448593	-0.186213	0.056311	0.355281	0.52415	0.616184	0.587857	-0.84169	0.479578	0.247983	-0.129765	-0.625543	0.769233	-0.039396	0.031675	-0.051007	-0.177222	0.209879	0.079866	0.38378
0.150252	0.019132	0.416127	-0.418506	0.812346	-0.406191	-0.834553	-0.520346	-0.180921	-0.357818	0.262258	0.896223	-0.00058	0.013656	-0.02241	-0.013635	-0.230808	-0.074653	0.458196	-0.187801	0.057303	0.353666	0.536416	0.605345	0.588054	-0.835958	0.476356	0.272384	-0.115897	-0.638454	0.760794	-0.050402	0.026719	-0.03862	-0.248031	0.549374	0.036027	0.383871
0.150086	0.019375	0.415729	-0.41755	0.808929	-0.413922	-0.834172	-0.521816	-0.178431	-0.359817	0.269769	0.893188	-0.012764	0.014096	-0.021764	-0.143473	-0.6472	-0.061111	0.461638	-0.188811	0.057743	0.35301	0.546146	0.598699	0.585897	-0.830733	0.476553	0.2876	-0.107699	-0.644542	0.756855	-0.049723	0.017856	-0.029392	-0.452718	0.632573	0.335584	0.384998
0.149926	0.019777	0.414874	-0.414563	0.804918	-0.424605	-0.834023	-0.522664	-0.176634	-0.363594	0.2799	0.888528	-0.001	0.009925	-0.024148	-0.051689	-0.428387	0.059566	0.464327	-0.190993	0.057987	0.352225	0.550732	0.594871	0.585504	-0.828097	0.476832	0.294653	-0.104586	-0.64787	0.754446	-0.060543	-0.004274	-0.012767	-0.973352	-2.05984	1.59569	0.387227
0.149796	0.020092	0.41388	-0.412893	0.803662	-0.428593	-0.835489	-0.5215	-0.173113	-0.36213	0.285605	0.88731	-0.001444	0.006024	-0.025995	0.06456	-0.027856	0.005041	0.460934	-0.193409	0.057105	0.352091	0.539732	0.615273	0.574561	-0.835883	0.472196	0.279759	-0.099843	-0.632028	0.768398	-0.060005	-0.030016	0.000861	0.552456	-0.645001	-0.527895	0.374434
0.14973	0.020177	0.41338	-0.413098	0.802997	-0.429641	-0.836836	-0.520754	-0.168796	-0.358774	0.288808	0.887636	-0.001605	-0.004731	-0.016689	-0.171034	0.019975	0.090931	0.456717	-0.194533	0.056494	0.352156	0.530938	0.637422	0.558381	-0.842993	0.463897	0.272205	-0.086176	-0.616031	0.782906	-0.060095	-0.028389	0.001791	-2.442631	-2.353686	-4.88669	0.368366
0.149609	0.020219	0.412427	-0.412069	0.802376	-0.431784	-0.837267	-0.520322	-0.167991	-0.358953	0.291294	0.886751	-0.001703	-0.005549	-0.017114	0.03461	-0.000772	-0.007714	0.451199	-0.196829	0.05516	0.352406	0.508099	0.690848	0.514351	-0.858799	0.45113	0.24265	-0.065031	-0.565879	0.821837	-0.048046	-0.038861	0.009217	-1.73856	-2.911752	-4.992516	0.348626
0.149472	0.020134	0.411651	-0.41265	0.800731	-0.434274	-0.836254	-0.521968	-0.167932	-0.36064	0.292867	0.885548	-0.001741	-0.005833	-0.017287	0.033478	0.010209	-0.034337	0.44428	-0.1988	0.053716	0.352762	0.482992	0.731928	0.480617	-0.873905	0.436568	0.213617	-0.054064	-0.524106	0.849855	-0.048469	-0.039941	0.008551	0.410247	-0.897205	-0.061158	0.333405
0.149291	0.019959	0.411007	-0.413338	0.797713	-0.439146	-0.835243	-0.524163	-0.16611	-0.362186	0.297139	0.883491	-0.001481	-0.003523	-0.016203	-0.066131	-0.271136	-0.118556	0.443529	-0.200747	0.051854	0.353259	0.471471	0.746576	0.469395	-0.87944	0.437036	0.188465	-0.065019	-0.502597	0.861993	-0.048643	-0.052956	0.015349	0.422503	-0.707563	0.081134	0.30699
0.149198	0.019867	0.410725	-0.413762	0.796167	-0.441549	-0.834745	-0.525287	-0.165063	-0.36285	0.299291	0.882492	-0.00152	-0.003834	-0.016368	-0.132117	-0.433311	-0.216465	0.443194	-0.201697	0.05078	0.353589	0.464911	0.744142	0.479689	-0.881574	0.438683	0.174124	-0.081428	-0.504768	0.859327	-0.048396	-0.062639	0.024197	1.370068	1.90143	-1.20944	0.284614
0.148975	0.019662	0.410304	-0.414514	0.794478	-0.443879	-0.834035	-0.526734	-0.164036	-0.363621	0.301224	0.881516	-0.001228	-0.010548	-0.005155	-0.006495	-0.003281	-0.032492	0.441905	-0.203144	0.048644	0.354449	0.44528	0.742027	0.501113	-0.889176	0.431952	0.150719	-0.105164	-0.513621	0.851468	-0.036113	-0.056424	0.027233	1.256977	2.260036	-1.573331	0.228909
0.148743	0.01942	0.410051	-0.414944	0.792935	-0.446231	-0.833625	-0.527774	-0.162776	-0.36407	0.303457	0.880565	-0.000949	-0.008104	-0.003975	0.006656	-0.079326	0.182272	0.443098	-0.203913	0.04681	0.355619	0.42428	0.755397	0.499352	-0.898776	0.418238	0.131193	-0.110263	-0.505416	0.855722	-0.010736	-0.04288	0.033969	0.361399	-0.275198	-0.789838	0.210713
0.148632	0.019262	0.409977	-0.41531	0.792795	-0.446139	-0.833478	-0.528059	-0.162602	-0.363988	0.303328	0.880643	-0.000901	-0.007672	-0.003769	-7e-06	-1.9e-05	-8e-06	0.443184	-0.204024	0.046084	0.35632	0.416087	0.762509	0.495423	-0.902603	0.412174	0.123914	-0.110222	-0.499686	0.859086	0.002013	-0.036488	0.037103	0.215274	-0.240588	-0.480597	0.213867
0.14844	0.018954	0.409853	-0.416353	0.792389	-0.445888	-0.833078	-0.528858	-0.162057	-0.363712	0.302998	0.880871	-0.000951	-0.008053	-0.003969	-0.001035	0.011309	-0.026487	0.444341	-0.203796	0.045019	0.357765	0.409851	0.775632	0.480009	-0.906232	0.40582	0.118265	-0.103566	-0.484445	0.868591	0.01464	-0.017089	0.033288	0.063637	-0.182466	-0.09497	0.240665
0.14832	0.018762	0.409696	-0.416907	0.79079	-0.448203	-0.832684	-0.529932	-0.160565	-0.363979	0.305284	0.87997	-0.000651	-0.005498	-0.002716	-0.000406	-0.001075	-0.000443	0.445489	-0.20311	0.04431	0.359152	0.403891	0.781273	0.475895	-0.908342	0.403977	0.107943	-0.10841	-0.476854	0.872193	0.014847	-0.014715	0.034722	0.245015	-0.345723	-0.226555	0.265093
0.148288	0.018648	0.409508	-0.417124	0.790687	-0.448183	-0.832476	-0.530209	-0.16073	-0.364206	0.30507	0.879951	-0.000546	-0.004608	-0.002281	-0	-0	-0	0.446685	-0.202407	0.043739	0.360476	0.397373	0.783504	0.477711	-0.910473	0.401399	0.099254	-0.11447	-0.475368	0.87223	0.014551	-0.002827	0.027027	1.558939	1.910138	-1.112618	0.266232
0.148285	0.018597	0.409406	-0.417251	0.790625	-0.448173	-0.832354	-0.530372	-0.160825	-0.364339	0.304947	0.879938	-0.000554	0.00456	-0.012324	0.034661	-0.00067	-0.007679	0.448026	-0.202075	0.043543	0.361093	0.394895	0.786338	0.475103	-0.911511	0.399789	0.096181	-0.11479	-0.47203	0.873999	0.026657	-0.003464	0.025809	0.149283	-0.262868	-0.081784	0.267222
0.148309	0.018471	0.409233	-0.417614	0.790461	-0.448123	-0.832104	-0.530749	-0.160871	-0.364491	0.304717	0.879955	-0.000689	-0.005816	-0.002888	-0.001032	0.011333	-0.026477	0.449009	-0.201494	0.043379	0.362134	0.389556	0.790735	0.472202	-0.913718	0.395944	0.091002	-0.11548	-0.467904	0.876124	0.014398	-0.004128	0.026193	-0.031088	0.03396	-0.159065	0.267597
0.148303	0.018318	0.409079	-0.417974	0.790305	-0.448064	-0.831887	-0.531095	-0.160852	-0.364574	0.30452	0.879989	-0.000649	-0.005481	-0.002727	-0.001032	0.011338	-0.026475	0.448684	-0.201097	0.043525	0.362969	0.385486	0.793712	0.470544	-0.915371	0.392938	0.087341	-0.116039	-0.465389	0.877389	0.001958	0.008298	0.01954	0.053959	-0.01987	-0.208928	0.269342
0.148284	0.01824	0.40903	-0.418198	0.790214	-0.448016	-0.831786	-0.531279	-0.160766	-0.364549	0.304436	0.880029	-0.000479	-0.004039	-0.002011	-0	-0	-0	0.448645	-0.200896	0.043674	0.363331	0.384927	0.79373	0.470972	-0.915669	0.392161	0.087712	-0.115544	-0.466015	0.877122	0.013951	0.006691	0.017746	-0.041082	0.07003	-0.108883	0.271093
0.14825	0.018093	0.408979	-0.418471	0.790107	-0.447949	-0.831695	-0.531476	-0.160589	-0.364443	0.30437	0.880095	-0.000419	-0.003527	-0.001759	-0.001032	0.011338	-0.026475	0.449286	-0.200448	0.043912	0.363893	0.381781	0.796617	0.468652	-0.91685	0.390257	0.083782	-0.116616	-0.462671	0.878748	0.001459	0.002422	0.016044	0.014138	0.035733	-0.205932	0.273221
0.148222	0.018024	0.408935	-0.418697	0.790015	-0.4479	-0.831592	-0.531662	-0.160502	-0.364417	0.304283	0.880136	-0.000144	-0.001214	-0.000606	-0	-0	-0	0.448881	-0.200177	0.0442	0.364395	0.381242	0.798667	0.465593	-0.917331	0.389091	0.083947	-0.114576	-0.460111	0.88036	0.001218	0.015507	0.008939	0.034638	-0.064091	0.02626	0.273554
0.148228	0.017992	0.408918	-0.418753	0.789992	-0.447889	-0.831569	-0.531707	-0.160474	-0.364405	0.304266	0.880147	-0.000219	-0.001842	-0.000919	-0	-0	-0	0.448936	-0.200069	0.044411	0.364631	0.371784	0.803104	0.465609	-0.921893	0.378094	0.084214	-0.108862	-0.46156	0.880326	0.001652	0.005067	0.017507	-0.043954	0.085688	-0.137817	0.276528
0.148223	0.017945	0.408906	-0.418866	0.789947	-0.447862	-0.831533	-0.531787	-0.160396	-0.364358	0.304242	0.880175	-0.000167	-0.001407	-0.000702	-0	-0	-0	0.449764	-0.199706	0.044768	0.365032	0.361878	0.808726	0.463679	-0.926406	0.36723	0.082755	-0.103789	-0.460518	0.881484	0.01288	0.010526	0.005195	0.074338	-0.107234	0.002276	0.294056
0.148216	0.01789	0.408867	-0.419008	0.789888	-0.447833	-0.831465	-0.531907	-0.16035	-0.36435	0.304184	0.880198	-0.000326	-0.002743	-0.001371	-0.001032	0.011338	-0.026475	0.450369	-0.199245	0.044743	0.365425	0.362009	0.808634	0.463736	-0.926458	0.366873	0.083744	-0.102853	-0.460964	0.881361	0.013403	-0.015131	0.019653	-0.06883	-0.00416	0.019974	0.301981
0.148206	0.017797	0.408832	-0.419239	0.789796	-0.44778	-0.83138	-0.53208	-0.160214	-0.364277	0.304122	0.880249	-0.000379	-0.003189	-0.001595	-0.001032	0.011338	-0.026475	0.450772	-0.198782	0.04436	0.365974	0.362021	0.808524	0.46392	-0.926641	0.366018	0.085452	-0.101152	-0.461838	0.8811	0.013289	-0.01677	0.018734	-0.070527	0.010591	-0.004717	0.307152
0.148209	0.017749	0.408807	-0.419334	0.789756	-0.44776	-0.831341	-0.532156	-0.160168	-0.364257	0.304093	0.880268	-0.000286	-0.002408	-0.001205	0	0	0	0.451103	-0.198553	0.044111	0.366287	0.360886	0.807829	0.46601	-0.926941	0.365469	0.084544	-0.102452	-0.463489	0.880082	0.001222	-0.016838	0.019533	1.458952	2.092853	-1.044579	0.307903
0.148195	0.017632	0.408749	-0.419628	0.789637	-0.447696	-0.83122	-0.532387	-0.160024	-0.364194	0.303998	0.880327	-0.000362	-0.003048	-0.001527	0	0	0	0.451365	-0.198061	0.043561	0.367003	0.356127	0.807191	0.470752	-0.928142	0.363712	0.078739	-0.108092	-0.465979	0.878091	0.01338	-0.015769	0.019334	0.63781	0.447177	-0.665784	0.308489
0.148182	0.017507	0.408708	-0.419797	0.789571	-0.447654	-0.831171	-0.532503	-0.159896	-0.364112	0.303968	0.880371	-0.000294	-0.002473	-0.00124	0	0	0	0.451579	-0.197632	0.042999	0.367727	0.349242	0.806721	0.47668	-0.930053	0.3602	0.072057	-0.113992	-0.469515	0.875457	0.001341	-0.015398	0.020396	-0.067666	0.007095	-0.01182	0.30546
0.148179	0.017469	0.4087	-0.419891	0.789534	-0.447631	-0.831143	-0.532568	-0.159828	-0.364069	0.30395	0.880395	-0.000158	-0.001327	-0.000666	0	0	0	0.45165	-0.197492	0.042818	0.368042	0.347595	0.808864	0.474245	-0.93091	0.358	0.071949	-0.112003	-0.467504	0.876789	0.00098	-0.003287	0.012695	-0.037748	0.08963	-0.16941	0.304807
0.148176	0.017423	0.40871	-0.419995	0.789496	-0.447601	-0.83113	-0.532623	-0.15971	-0.363978	0.303952	0.880432	-3e-06	-2.3e-05	-1.1e-05	0	0	0	0.451926	-0.197193	0.042714	0.36861	0.343041	0.814536	0.467808	-0.932899	0.353357	0.069078	-0.109451	-0.461138	0.880475	0.001176	-0.000413	0.014306	0.12705	-0.1836	-0.110715	0.305815
0.148176	0.017416	0.408728	-0.420005	0.789494	-0.447594	-0.831146	-0.532614	-0.15966	-0.36393	0.303973	0.880445	1.4e-05	0.000116	5.8e-05	0	0	0	0.451674	-0.197098	0.042957	0.369036	0.342851	0.817271	0.463155	-0.933439	0.351578	0.07084	-0.105354	-0.457641	0.882795	0.000896	0.013068	0.007324	0.136629	-0.179541	-0.048227	0.307393
0.148176	0.017386	0.408758	-0.420065	0.789475	-0.447572	-0.831161	-0.532626	-0.15954	-0.363826	0.304002	0.880478	0	0	0	0	0	0	0.451973	-0.197084	0.043224	0.369361	0.343561	0.817199	0.462755	-0.933232	0.351994	0.071501	-0.104871	-0.457449	0.882953	0.000947	-0.003696	0.012431	-0.03629	0.012548	-0.01718	0.307333
0.148174	0.017363	0.408757	-0.420119	0.789454	-0.447557	-0.831149	-0.53266	-0.159491	-0.363791	0.303996	0.880494	-0.000123	-0.001032	-0.000518	0	0	0	0.451734	-0.197074	0.043273	0.369464	0.343729	0.817179	0.462666	-0.933191	0.352054	0.071733	-0.10468	-0.457439	0.88298	0.000336	0.004912	0.00274	0.001696	-0.014582	0.024797	0.307441
0.148188	0.017337	0.408721	-0.420143	0.789441	-0.447559	-0.831119	-0.532696	-0.159524	-0.363833	0.303967	0.880487	-0.000166	-0.001398	-0.000702	0	0	0	0.452384	-0.197061	0.043248	0.369635	0.342532	0.818543	0.46114	-0.933566	0.351431	0.069889	-0.105265	-0.455472	0.883927	0.000623	-0.008428	0.00979	0.060025	-0.096039	-0.087673	0.306579
0.14824	0.017309	0.408694	-0.420071	0.789464	-0.447585	-0.831137	-0.532651	-0.159579	-0.363873	0.303985	0.880464	-5.9e-05	-0.000497	-0.00025	0	0	0	0.452834	-0.197083	0.043295	0.369794	0.341644	0.819884	0.459414	-0.933816	0.351126	0.068055	-0.105927	-0.453289	0.88497	0.000253	0.003697	0.002057	0.069637	-0.078497	-0.050926	0.30549
0.148276	0.017291	0.408695	-0.420016	0.789485	-0.4476	-0.831169	-0.532601	-0.159582	-0.363864	0.304019	0.880456	-9e-06	-7.9e-05	-3.9e-05	0	0	0	0.452881	-0.197129	0.043387	0.369871	0.343083	0.820485	0.457263	-0.933559	0.351392	0.070179	-0.103512	-0.45199	0.88592	0.000427	0.006224	0.003459	0.014321	-0.116337	0.195345	0.305363
0.148292	0.017281	0.408678	-0.419995	0.789491	-0.447609	-0.831167	-0.532594	-0.159614	-0.363892	0.304016	0.880445	-2.3e-05	-0.00019	-9.5e-05	0	0	0	0.452927	-0.197258	0.043637	0.370009	0.345594	0.821717	0.453143	-0.933137	0.351693	0.074169	-0.09884	-0.449509	0.887714	-0.011536	0.007053	0.00474	-0.001504	-0.000845	-0.003722	0.305806
0.148292	0.017281	0.408678	-0.419995	0.789491	-0.447609	-0.831167	-0.532594	-0.159614	-0.363892	0.304016	0.880445	-0	-0	-0	0	0	0	0.452575	-0.197452	0.043965	0.370205	0.342165	0.824361	0.450937	-0.934917	0.346482	0.076252	-0.093796	-0.448715	0.888662	-0.011348	0.009534	0.006098	-0.000349	0.000643	-0.004436	0.306718
0.148283	0.017274	0.408686	-0.420033	0.789478	-0.447597	-0.831162	-0.532614	-0.159573	-0.363861	0.304015	0.880459	-0	-0	-0	0	0	0	0.452137	-0.19772	0.044371	0.370461	0.343344	0.824997	0.448873	-0.934719	0.346569	0.078255	-0.09142	-0.447475	0.889534	-0.011252	0.010586	0.006655	-0.00035	0.000644	-0.004436	0.307082
0.148282	0.017267	0.408682	-0.420052	0.78947	-0.447593	-0.831154	-0.53263	-0.159564	-0.363857	0.304008	0.880463	-4.3e-05	-0.000362	-0.000182	0	0	0	0.452253	-0.19785	0.044542	0.370587	0.34201	0.826367	0.447369	-0.935115	0.345998	0.076027	-0.092376	-0.445382	0.890486	0.001022	-0.002645	0.012951	-0.020175	-0.005542	-0.028921	0.306868
0.148287	0.017242	0.408648	-0.420098	0.789448	-0.447589	-0.831115	-0.532684	-0.159586	-0.363893	0.303971	0.880461	-0.000203	-0.001709	-0.000859	0	0	0	0.453362	-0.198105	0.044704	0.370836	0.339886	0.8278	0.446335	-0.93581	0.344607	0.073751	-0.09317	-0.443792	0.891196	-0.011607	0.00523	0.003693	0.014064	-0.002994	-0.041036	0.303278
0.148344	0.017181	0.408604	-0.420083	0.789448	-0.447603	-0.83111	-0.532683	-0.159614	-0.363922	0.303971	0.880448	-0.00017	-0.001436	-0.000722	0	0	0	0.45432	-0.198346	0.044617	0.37112	0.337192	0.830497	0.443359	-0.936652	0.343124	0.069883	-0.094497	-0.439881	0.892994	-0.011353	-0.008203	0.010726	0.075495	-0.101034	-0.129724	0.301561
0.148366	0.017132	0.408578	-0.419998	0.78948	-0.447626	-0.831144	-0.532617	-0.159654	-0.363942	0.304002	0.88043	-0.000225	-0.001899	-0.000956	0	0	0	0.455327	-0.198462	0.04455	0.371264	0.332034	0.832493	0.443509	-0.938785	0.337183	0.07017	-0.091529	-0.440705	0.892897	-0.011308	-0.00757	0.011074	-0.772004	-0.090361	-1.527972	0.301682
0.148375	0.017045	0.408545	-0.420164	0.789412	-0.447589	-0.831086	-0.53274	-0.15955	-0.363884	0.303963	0.880467	-0.000125	-0.001058	-0.000533	0	0	0	0.453501	-0.19863	0.044389	0.371578	0.3304	0.833834	0.442207	-0.939343	0.335942	0.06864	-0.09172	-0.439111	0.893662	0.00067	-0.007581	0.010244	-0.035853	0.012143	-0.017456	0.298951
0.148364	0.01703	0.408538	-0.42009	0.789443	-0.447604	-0.831116	-0.532682	-0.159586	-0.363899	0.303985	0.880453	-1e-06	-5e-06	-3e-06	0	0	0	0.453169	-0.198697	0.044193	0.371919	0.328958	0.835145	0.440807	-0.939843	0.33481	0.067306	-0.091773	-0.43748	0.894456	0.000676	-0.00749	0.010298	-0.035112	0.011284	-0.018007	0.293267
0.148358	0.017047	0.408558	-0.420069	0.789454	-0.447605	-0.831135	-0.532656	-0.159574	-0.363881	0.304003	0.880455	0.000101	0.000856	0.000431	0	0	0	0.453346	-0.198658	0.044022	0.372332	0.32684	0.837709	0.437505	-0.940497	0.333599	0.064109	-0.09264	-0.433479	0.896313	0.00095	-0.003754	0.012334	0.26536	-0.343427	-0.211394	0.292368
0.148358	0.017047	0.408558	-0.420069	0.789454	-0.447605	-0.831135	-0.532656	-0.159574	-0.363881	0.304003	0.880455	1e-06	1.1e-05	5e-06	0	0	0	0.453475	-0.19863	0.043938	0.372588	0.32685	0.837683	0.437547	-0.94056	0.333293	0.064776	-0.091963	-0.433764	0.896244	0.000991	-0.00319	0.01264	-0.03088	-0.00607	0.005012	0.292405
0.148357	0.017054	0.408539	-0.420058	0.789455	-0.447612	-0.831119	-0.532665	-0.159624	-0.363929	0.303983	0.880442	-2e-06	-1.9e-05	-1e-05	0	0	0	0.454314	-0.198551	0.043708	0.373063	0.324617	0.840229	0.434316	-0.941268	0.331867	0.061756	-0.092637	-0.429911	0.89803	0.00123	-0.016701	0.019685	0.06449	-0.143757	-0.108089	0.292837
0.148364	0.01703	0.408527	-0.420095	0.78944	-0.447605	-0.831104	-0.532695	-0.159606	-0.363921	0.303972	0.880449	-0.000187	-0.001577	-0.000795	-0.001031	0.011332	-0.026478	0.456564	-0.198494	0.043369	0.373524	0.321619	0.842126	0.432869	-0.942008	0.33062	0.056963	-0.095532	-0.427145	0.899046	0.000721	-0.006907	0.010631	-0.008747	-0.018942	-0.037226	0.292313
0.148381	0.01702	0.408521	-0.420069	0.789449	-0.447614	-0.831114	-0.532675	-0.159618	-0.363927	0.303982	0.880442	-0.00016	-0.001352	-0.000681	0	0	0	0.456976	-0.198496	0.04324	0.373758	0.320827	0.84336	0.43105	-0.942247	0.330176	0.055575	-0.095839	-0.425046	0.900008	0.000801	-0.005799	0.011233	0.04519	-0.165963	0.104362	0.292042
0.148408	0.017018	0.408508	-0.420007	0.789471	-0.447633	-0.83113	-0.532636	-0.15967	-0.363965	0.303994	0.880423	-4e-06	-3.8e-05	-1.9e-05	0	0	0	0.456656	-0.198525	0.043207	0.374176	0.314973	0.846467	0.429275	-0.944467	0.32396	0.054452	-0.093355	-0.423652	0.900926	0.001068	-0.002123	0.013214	-0.032649	-0.004034	0.006328	0.292459
0.148418	0.017032	0.408504	-0.41995	0.789492	-0.447649	-0.831143	-0.5326	-0.15972	-0.364001	0.304001	0.880406	1.9e-05	0.000161	8.1e-05	0	0	0	0.456919	-0.198523	0.043433	0.37446	0.315037	0.84645	0.429261	-0.944483	0.323851	0.054833	-0.092982	-0.423768	0.900909	0.000674	0.009283	0.004988	0.00171	-0.014292	0.024964	0.29176
0.14841	0.017041	0.408509	-0.419952	0.789492	-0.447648	-0.831142	-0.532602	-0.159719	-0.364	0.303999	0.880407	2e-06	1.9e-05	1e-05	0	0	0	0.456788	-0.198458	0.043762	0.374699	0.3148	0.846463	0.42941	-0.944573	0.323578	0.054889	-0.092865	-0.423953	0.900835	0.000691	0.009552	0.005114	0.00171	-0.014288	0.024967	0.285942
0.148409	0.017026	0.408512	-0.419987	0.789479	-0.447638	-0.831138	-0.532621	-0.159679	-0.363969	0.304	0.880419	-3.1e-05	-0.000261	-0.000132	0	0	0	0.456189	-0.198433	0.043939	0.374825	0.314624	0.846474	0.429517	-0.944637	0.32339	0.054896	-0.092813	-0.424073	0.900783	0.001196	-0.000301	0.014149	-0.034605	-0.001798	0.007746	0.282873
0.148409	0.017026	0.408512	-0.419987	0.789479	-0.447638	-0.831138	-0.532621	-0.159679	-0.363969	0.304	0.880419	-0	-0	-0	0	0	0	0.456399	-0.198398	0.044322	0.375126	0.314577	0.84647	0.429559	-0.944673	0.32325	0.055092	-0.092599	-0.424188	0.900751	0.000781	0.010857	0.005776	0.001711	-0.01428	0.024971	0.28128
0.148418	0.017032	0.408504	-0.41995	0.789492	-0.447649	-0.831143	-0.5326	-0.15972	-0.364001	0.304001	0.880406	-0	-0	-0	0	0	0	0.45643	-0.198365	0.044507	0.375459	0.313378	0.847727	0.427954	-0.945021	0.322513	0.053417	-0.093114	-0.422231	0.901617	0.001096	-0.001648	0.013395	0.264438	-0.34414	-0.208619	0.277895
0.148417	0.017024	0.4085	-0.419969	0.789484	-0.447645	-0.831135	-0.532616	-0.15971	-0.363996	0.303995	0.880409	-3.1e-05	-0.000262	-0.000132	0	0	0	0.456833	-0.198347	0.044538	0.375668	0.313443	0.847706	0.427947	-0.945043	0.322373	0.05387	-0.092669	-0.422379	0.901594	0.001092	-0.001692	0.013366	-0.030889	-0.006047	0.005063	0.274245
0.148415	0.017009	0.408492	-0.420008	0.789468	-0.447637	-0.831118	-0.532647	-0.159691	-0.363988	0.303982	0.880417	-0.000162	-0.001372	-0.000691	0	0	0	0.45722	-0.198356	0.044498	0.37611	0.312505	0.848922	0.426219	-0.945356	0.321633	0.052793	-0.092645	-0.420495	0.902477	0.000939	-0.00383	0.012231	-0.02268	-0.003183	-0.02709	0.271139
0.148422	0.016985	0.40848	-0.420045	0.789453	-0.44763	-0.831103	-0.532676	-0.159673	-0.363981	0.303972	0.880424	-7.9e-05	-0.000666	-0.000336	0	0	0	0.457601	-0.198419	0.04438	0.376568	0.311279	0.850156	0.424655	-0.945772	0.320582	0.051733	-0.09253	-0.418799	0.903277	0.000887	-0.004553	0.011848	0.059528	-0.09753	-0.086328	0.268913
0.14842	0.016969	0.408472	-0.420084	0.789437	-0.447621	-0.831087	-0.532706	-0.159654	-0.363972	0.303959	0.880432	-9e-05	-0.000764	-0.000385	0	0	0	0.457477	-0.198474	0.044335	0.376784	0.310124	0.851399	0.423006	-0.946101	0.319873	0.05008	-0.093043	-0.416808	0.904145	0.000902	-0.004352	0.011953	0.220865	-0.295046	-0.176232	0.268731
0.14841	0.016955	0.408476	-0.420141	0.789415	-0.447605	-0.831074	-0.532742	-0.159604	-0.363936	0.303952	0.880449	-5e-05	-0.000426	-0.000215	0	0	0	0.457185	-0.198596	0.044286	0.377164	0.307981	0.853864	0.419589	-0.946684	0.318662	0.04667	-0.094227	-0.412666	0.90592	-0.010984	-0.004189	0.012865	0.047994	-0.083799	-0.082359	0.266083
0.148417	0.016946	0.40846	-0.420143	0.789413	-0.447608	-0.831063	-0.532753	-0.159625	-0.363959	0.30394	0.880444	-5.3e-05	-0.000449	-0.000226	0	0	0	0.458097	-0.198842	0.044244	0.37746	0.306514	0.855124	0.418094	-0.94712	0.317596	0.045053	-0.094627	-0.410871	0.906694	-0.011579	0.004328	0.003093	0.004013	0.008234	-0.033602	0.259522
0.148451	0.016934	0.40842	-0.420086	0.789429	-0.447633	-0.831056	-0.532737	-0.159719	-0.364042	0.303927	0.880414	-0.000186	-0.00158	-0.000797	0	0	0	0.459206	-0.199125	0.04418	0.377736	0.304899	0.856395	0.416672	-0.947598	0.316405	0.043364	-0.095067	-0.409136	0.907433	-0.011577	0.004285	0.003067	-0.001516	0.014595	-0.029626	0.254567
0.148467	0.016924	0.408403	-0.420066	0.789435	-0.447642	-0.831054	-0.53273	-0.159751	-0.36407	0.303924	0.880404	-7.3e-05	-0.000623	-0.000314	0	0	0	0.458576	-0.199257	0.04414	0.377885	0.304539	0.85642	0.416884	-0.947747	0.315927	0.043596	-0.094734	-0.409455	0.907324	0.000704	-0.007052	0.01054	-0.03631	0.012429	-0.017261	0.251416
0.14847	0.016868	0.408375	-0.420045	0.789442	-0.447648	-0.831062	-0.532714	-0.15976	-0.364074	0.303931	0.880399	-0.000253	-0.002145	-0.001083	-0.00103	0.011336	-0.026476	0.458999	-0.199537	0.044044	0.378219	0.301758	0.858912	0.413768	-0.948502	0.314143	0.039906	-0.096069	-0.405582	0.908921	0.000332	0.004403	0.002294	0.042446	-0.049129	-0.030558	0.245091
0.148465	0.016822	0.408351	-0.420028	0.789449	-0.447652	-0.831069	-0.5327	-0.159769	-0.364078	0.303937	0.880396	-0.000232	-0.001964	-0.000992	-0.00103	0.011336	-0.026476	0.459293	-0.19981	0.043929	0.378629	0.29925	0.861355	0.410498	-0.949183	0.312495	0.036513	-0.097187	-0.401647	0.910548	-0.010973	-0.004223	0.012845	0.270717	-0.342853	-0.242551	0.237152
0.148461	0.016798	0.408328	-0.420091	0.789422	-0.44764	-0.831033	-0.532759	-0.159761	-0.364087	0.303905	0.880403	-0.000202	-0.001713	-0.000865	-0.00103	0.011337	-0.026476	0.459879	-0.200122	0.043831	0.379103	0.299635	0.861961	0.408941	-0.949408	0.311451	0.039449	-0.09372	-0.401157	0.911127	0.000931	-0.004078	0.012089	-0.050093	-0.003796	-0.01037	0.234844
0.148459	0.016775	0.408328	-0.42001	0.789457	-0.447655	-0.831076	-0.532686	-0.159777	-0.364082	0.303943	0.880392	-0.000182	-0.001542	-0.000779	0	0	0	0.45966	-0.200282	0.043766	0.379359	0.298323	0.863175	0.407337	-0.949778	0.310519	0.037862	-0.094162	-0.399261	0.911914	-0.010901	-0.003384	0.013277	-0.026845	0.002258	-0.028409	0.234845
0.148455	0.016743	0.408301	-0.420093	0.789421	-0.44764	-0.831032	-0.532761	-0.159759	-0.364087	0.303904	0.880404	-0.000223	-0.001887	-0.000954	-0.00103	0.011337	-0.026476	0.459982	-0.200545	0.043626	0.379893	0.296093	0.865548	0.403913	-0.950398	0.308965	0.034902	-0.094941	-0.395301	0.913557	-0.010722	-0.00117	0.014417	0.005752	-0.035724	-0.051777	0.234565
0.148459	0.016718	0.408266	-0.420003	0.789455	-0.447665	-0.831049	-0.532708	-0.159848	-0.364152	0.30391	0.880374	-0.000103	-0.000869	-0.000439	0	0	0	0.46047	-0.200798	0.043572	0.380504	0.293836	0.867902	0.400497	-0.951026	0.307338	0.032012	-0.095657	-0.391382	0.915168	0.001262	4.6e-05	0.014201	-0.020919	-0.017444	-0.001883	0.233703
0.148466	0.016701	0.408246	-0.420024	0.789444	-0.447664	-0.83103	-0.532734	-0.15986	-0.364171	0.303892	0.880373	-0.000121	-0.001026	-0.000519	0	0	0	0.460316	-0.200915	0.043568	0.38081	0.292521	0.869089	0.398882	-0.951392	0.306364	0.030483	-0.096061	-0.389504	0.915927	0.00124	-0.000256	0.014038	-0.040361	0.087354	-0.170239	0.231785
0.14846	0.016647	0.408218	-0.420026	0.789443	-0.447664	-0.831029	-0.532735	-0.159859	-0.364171	0.303892	0.880373	-0.000151	-0.00128	-0.000648	0	0	0	0.460081	-0.201069	0.04356	0.381405	0.29035	0.871405	0.3954	-0.951976	0.304822	0.027562	-0.096857	-0.38551	0.917532	-0.010494	0.001345	0.015673	0.096134	-0.141676	-0.116246	0.220571
0.148458	0.016631	0.40821	-0.420066	0.789427	-0.447655	-0.831013	-0.532766	-0.15984	-0.364162	0.303879	0.880381	-2e-06	-1.6e-05	-8e-06	0	0	0	0.460418	-0.201135	0.04363	0.381947	0.290393	0.871364	0.395458	-0.952079	0.304392	0.028716	-0.0957	-0.385943	0.917471	0.001295	0.000402	0.014342	-0.034545	-0.00147	0.007914	0.21315
0.148458	0.016631	0.40821	-0.420066	0.789427	-0.447655	-0.831013	-0.532766	-0.15984	-0.364162	0.303879	0.880381	-0	-0	-0	0	0	0	0.460369	-0.201119	0.043696	0.382204	0.2904	0.871346	0.395494	-0.952128	0.304189	0.029227	-0.095186	-0.386145	0.917439	0.000939	0.011721	0.005941	0.001738	-0.013835	0.025218	0.212078
0.148458	0.016631	0.40821	-0.420066	0.789427	-0.447655	-0.831013	-0.532766	-0.15984	-0.364162	0.303879	0.880381	-0	-0	-0	0	0	0	0.460259	-0.201007	0.043802	0.382623	0.290275	0.871326	0.39563	-0.95225	0.303729	0.030035	-0.094342	-0.386554	0.917354	0.000751	0.009412	0.004752	0.00174	-0.013811	0.025231	0.208868
0.148457	0.016623	0.408206	-0.420085	0.789419	-0.447651	-0.831005	-0.532782	-0.15983	-0.364158	0.303873	0.880385	-8.2e-05	-0.000693	-0.000351	0	0	0	0.460459	-0.200888	0.043934	0.383012	0.289481	0.872442	0.393748	-0.952463	0.303185	0.028759	-0.094634	-0.384454	0.918206	0.001231	-0.000321	0.013937	0.015046	-0.059649	-0.027352	0.200367
0.148457	0.016623	0.408206	-0.420085	0.789419	-0.447651	-0.831005	-0.532782	-0.15983	-0.364158	0.303873	0.880385	-0	-0	-0	0	0	0	0.460148	-0.200854	0.0441	0.383434	0.28993	0.872373	0.393571	-0.952408	0.303269	0.029684	-0.09381	-0.384544	0.918254	0.000876	0.01107	0.005545	0.001754	-0.013782	0.025246	0.196419
0.148458	0.016631	0.40821	-0.420066	0.789427	-0.447655	-0.831013	-0.532766	-0.15984	-0.364162	0.303879	0.880381	3e-06	2.3e-05	1.2e-05	0	0	0	0.460369	-0.200857	0.044191	0.383671	0.290064	0.872346	0.393532	-0.952411	0.303211	0.030165	-0.093356	-0.384652	0.918254	0.001311	0.00071	0.014426	-0.034578	-0.001423	0.007943	0.196426
0.148456	0.016615	0.408202	-0.420105	0.789411	-0.447646	-0.830997	-0.532797	-0.159821	-0.364154	0.303866	0.880389	-1.6e-05	-0.000138	-7e-05	0	0	0	0.460908	-0.20085	0.044405	0.384171	0.289451	0.873437	0.391557	-0.952585	0.302769	0.029095	-0.093485	-0.382512	0.919135	0.001517	0.003322	0.015701	-0.033186	-0.003045	0.006963	0.194697
0.148469	0.016567	0.408177	-0.420178	0.78938	-0.447633	-0.830967	-0.532855	-0.159784	-0.364139	0.303845	0.880402	-0.000212	-0.001796	-0.00091	0	0	0	0.461502	-0.200819	0.044547	0.38477	0.288526	0.874542	0.38977	-0.952881	0.301916	0.028241	-0.093326	-0.380653	0.919922	0.001433	0.002281	0.015157	0.217842	-0.297481	-0.170183	0.186942
0.148464	0.016521	0.408165	-0.420155	0.789391	-0.447636	-0.830986	-0.532829	-0.159773	-0.364121	0.303865	0.880403	-0.000347	-0.00294	-0.001489	-0.00103	0.011338	-0.026475	0.461563	-0.200817	0.044535	0.385102	0.287381	0.875678	0.388061	-0.953197	0.301041	0.026879	-0.093629	-0.378726	0.920686	0.001313	0.000765	0.014398	0.183052	-0.256907	-0.145487	0.181592
0.148464	0.016449	0.408106	-0.420048	0.789431	-0.447665	-0.83101	-0.532762	-0.15987	-0.36419	0.303876	0.88037	-0.000272	-0.002302	-0.001167	0	0	0	0.461384	-0.20082	0.044353	0.385742	0.285533	0.877889	0.384412	-0.953709	0.299629	0.024426	-0.094079	-0.374696	0.922288	0.001531	-0.012357	0.021954	-0.030613	-0.036487	-0.037726	0.16582
0.148481	0.016383	0.408027	-0.420156	0.78938	-0.447654	-0.830925	-0.532884	-0.159906	-0.364259	0.303797	0.880369	-0.000276	-0.002339	-0.001187	0	0	0	0.4624	-0.200944	0.044081	0.386366	0.281776	0.882314	0.376981	-0.954569	0.297342	0.017878	-0.096655	-0.366003	0.925507	-0.010771	-0.003181	0.013284	0.292197	-0.37288	-0.251689	0.151605
0.148513	0.016363	0.407983	-0.419983	0.789443	-0.447704	-0.830965	-0.532776	-0.160056	-0.364366	0.303821	0.880317	-3.2e-05	-0.000271	-0.000138	0	0	0	0.462142	-0.201164	0.043831	0.386893	0.279466	0.884523	0.373508	-0.955173	0.29555	0.015078	-0.097388	-0.362093	0.926967	0.000794	-0.005823	0.011161	0.097671	-0.145691	-0.111136	0.143012
0.148532	0.016369	0.407974	-0.419923	0.789465	-0.447722	-0.830979	-0.532739	-0.160107	-0.364403	0.30383	0.880298	-0	-4e-06	-2e-06	0	0	0	0.46215	-0.201333	0.043764	0.387115	0.279228	0.884531	0.373668	-0.955299	0.29512	0.015568	-0.09684	-0.362425	0.926894	-0.010834	-0.004021	0.012876	-0.034656	0.011583	-0.022615	0.138729
0.148551	0.016382	0.40797	-0.419844	0.789495	-0.447744	-0.831002	-0.532686	-0.160168	-0.364444	0.303846	0.880276	1e-06	1e-05	5e-06	0	0	0	0.46234	-0.20172	0.043744	0.387566	0.278198	0.884606	0.374257	-0.955692	0.293806	0.016256	-0.095911	-0.363311	0.926644	-0.010602	-0.001259	0.014218	-0.03661	0.013934	-0.021224	0.131403
0.148552	0.01639	0.407974	-0.419824	0.789503	-0.447749	-0.83101	-0.53267	-0.160178	-0.364448	0.303852	0.880272	0	0	0	0	0	0	0.462183	-0.202072	0.043803	0.387969	0.277137	0.884689	0.374849	-0.956073	0.292537	0.016737	-0.095181	-0.364136	0.926396	0.001036	-0.002894	0.012581	-0.034563	-0.001233	0.008042	0.128791
0.148533	0.016384	0.407971	-0.419889	0.789478	-0.447732	-0.830984	-0.53272	-0.160147	-0.364433	0.303829	0.880286	-8e-06	-7.1e-05	-3.6e-05	0	0	0	0.462291	-0.202234	0.043832	0.388133	0.275598	0.885839	0.373264	-0.956436	0.29145	0.014812	-0.095995	-0.362201	0.92707	-0.010825	-0.004134	0.012813	0.042117	-0.068228	-0.103024	0.119984
0.148522	0.016362	0.407971	-0.419965	0.789448	-0.447712	-0.830962	-0.532771	-0.160087	-0.364393	0.303815	0.880307	-5e-06	-4.5e-05	-2.3e-05	0	0	0	0.462409	-0.202479	0.043872	0.388455	0.274184	0.886961	0.371637	-0.956797	0.29034	0.013272	-0.096457	-0.360337	0.927748	-0.011203	0.006564	0.004007	0.004053	-0.003403	-0.006857	0.096947
0.148529	0.016353	0.407955	-0.419967	0.789446	-0.447715	-0.830951	-0.532782	-0.160109	-0.364416	0.303804	0.880302	-9.6e-05	-0.000816	-0.000414	0	0	0	0.462473	-0.202578	0.043796	0.388762	0.272079	0.889134	0.367975	-0.957254	0.288965	0.009878	-0.097873	-0.356053	0.929252	0.000351	0.004168	0.002009	0.008915	-0.021948	0.02043	0.056148
0.148529	0.01636	0.407948	-0.419952	0.789451	-0.44772	-0.830948	-0.532779	-0.160139	-0.364442	0.303797	0.880293	-0	-0	-0	0	0	0	0.463386	-0.202607	0.043614	0.389013	0.270754	0.890226	0.366307	-0.957595	0.287877	0.008495	-0.098211	-0.354195	0.929927	0.00048	-0.009542	0.009371	-0.020986	-0.084023	0.156052	0.019561
0.148529	0.016353	0.407955	-0.419967	0.789446	-0.447715	-0.830951	-0.532782	-0.160109	-0.364416	0.303804	0.880302	-0	-0	-0	0	0	0	0.464303	-0.202598	0.043526	0.389149	0.270641	0.890223	0.366397	-0.957669	0.28762	0.008879	-0.097801	-0.354412	0.929887	0.000628	-0.007791	0.010217	-0.034518	-0.001209	0.00805	0.006139
0.148529	0.016353	0.407955	-0.419967	0.789446	-0.447715	-0.830951	-0.532782	-0.160109	-0.364416	0.303804	0.880302	-0	-0	-0	0	0	0	0.463921	-0.202566	0.043445	0.389444	0.270525	0.890208	0.36652	-0.957781	0.287223	0.009631	-0.097022	-0.354772	0.929832	0.000933	-0.004175	0.011958	-0.034556	-0.00116	0.008079	-0.008933
0.14853	0.016361	0.407959	-0.419948	0.789454	-0.447719	-0.830959	-0.532767	-0.160118	-0.364421	0.30381	0.880298	0	1e-06	0	0	0	0	0.464038	-0.202567	0.04358	0.389763	0.270639	0.890177	0.366512	-0.957809	0.287108	0.010254	-0.096422	-0.354945	0.929828	0.001218	-0.000788	0.013574	-0.034556	-0.001154	0.008082	-0.013323
0.148529	0.016345	0.407963	-0.419982	0.789441	-0.447709	-0.830955	-0.532785	-0.160079	-0.36439	0.303811	0.88031	-3.1e-05	-0.000261	-0.000133	0	0	0	0.464324	-0.202593	0.0437	0.389907	0.271552	0.890685	0.364596	-0.95781	0.287014	0.012538	-0.0938	-0.35374	0.930555	0.000756	0.008968	0.004288	0.001741	-0.013394	0.025487	-0.015818
0.148529	0.016345	0.407963	-0.419982	0.789441	-0.447709	-0.830955	-0.532785	-0.160079	-0.36439	0.303811	0.88031	-0	-0	-0	0	0	0	0.463899	-0.202599	0.043923	0.390131	0.271669	0.890664	0.36456	-0.957803	0.28702	0.012843	-0.093521	-0.353788	0.930565	0.000494	0.005859	0.002793	0	-0	-0	-0.032604
0.148529	0.016353	0.407955	-0.419967	0.789446	-0.447715	-0.830951	-0.532782	-0.160109	-0.364416	0.303804	0.880302	-0	-0	-0	0	0	0	0.464078	-0.202595	0.044082	0.390207	0.271235	0.890708	0.364776	-0.957924	0.286625	0.012714	-0.093553	-0.353998	0.930482	0.000249	0.002957	0.001407	0	-0	-0	-0.09379
0.14853	0.016353	0.407966	-0.419963	0.789449	-0.447714	-0.830963	-0.53277	-0.160088	-0.364395	0.303817	0.880306	1.9e-05	0.00016	8.1e-05	0	0	0	0.464223	-0.202581	0.044145	0.390236	0.270614	0.890771	0.365084	-0.958095	0.286061	0.012529	-0.093598	-0.354298	0.930364	8.2e-05	0.000972	0.000463	0	-0	-0	-0.153394
0.148521	0.016346	0.407974	-0.42	0.789436	-0.447702	-0.830958	-0.53279	-0.160048	-0.364363	0.303816	0.88032	0	3e-06	1e-06	0	0	0	0.463887	-0.202581	0.044145	0.390236	0.270349	0.890797	0.365216	-0.958168	0.28582	0.01245	-0.093618	-0.354426	0.930313	1e-06	1.4e-05	7e-06	0	-0	-0	-0.186892
0.148503	0.016348	0.407987	-0.42004	0.789422	-0.447688	-0.830952	-0.532812	-0.160006	-0.364331	0.303813	0.880334	3.1e-05	0.000261	0.000133	0	0	0	0.463943	-0.20262	0.04421	0.39026	0.269988	0.890834	0.365393	-0.958265	0.285501	0.012318	-0.093668	-0.354591	0.930245	0.000252	0.002988	0.00142	0	-0	-0	-0.245491
