0.150674	0.015487	0.418213	-0.065461	0.879307	-0.471783	-0.941095	-0.211519	-0.263761	-0.331645	0.425633	0.841947	0.012207	-0.000928	-0.000869	0.000984	-0.014715	0.029553	0.491778	-0.19513	0.038063	0.39572	0.724537	0.595242	0.347455	-0.634725	0.772695	0.000162	-0.269278	-0.221416	0.937191	-2e-06	-2.8e-05	-1.3e-05	-0	0	0	0.510291
0.150761	0.015592	0.418031	-0.058392	0.879441	-0.472461	-0.941393	-0.205937	-0.267096	-0.332128	0.42808	0.840515	-2.7e-05	0.009257	-0.010107	0.035747	-0.011304	0.01913	0.359272	-0.195187	0.038015	0.395585	0.724319	0.595437	0.347575	-0.634863	0.772582	-0.000192	-0.269541	-0.221285	0.937147	-0.000443	-0.007153	-0.003389	-0.001815	0.012783	-0.025762	0.290699
0.15084	0.015749	0.417797	-0.052614	0.879744	-0.472575	-0.942374	-0.200243	-0.267966	-0.330314	0.43015	0.840173	0.011893	0.015265	-0.022181	0.071416	-0.026628	0.041015	0.122993	-0.19522	0.037887	0.395431	0.724319	0.595444	0.347564	-0.634803	0.772631	-0.000415	-0.269684	-0.221095	0.937151	-0.000657	-0.01059	-0.005028	-0.001815	0.012789	-0.025759	0.045799
0.15082	0.016007	0.417366	-0.038101	0.882244	-0.469296	-0.941499	-0.189	-0.278983	-0.334789	0.430115	0.838418	-9.5e-05	0.008643	-0.01039	-2.521366	-1.400823	4.712262	-0.562011	-0.19525	0.03776	0.395319	0.724365	0.596662	0.34537	-0.634997	0.772468	-0.002368	-0.269098	-0.218356	0.937961	8.7e-05	0.001393	0.000663	0.000153	-0.000211	-0.000116	-0.360691
0.150734	0.016242	0.417209	-0.032536	0.881074	-0.471905	-0.942569	-0.184017	-0.278698	-0.33236	0.43464	0.83705	0.000129	0.010655	-0.009428	0.027602	-0.045305	0.005863	-1.391024	-0.195266	0.037933	0.395287	0.723896	0.597075	0.34564	-0.635377	0.772154	-0.002813	-0.269463	-0.218338	0.93786	2.8e-05	0.000447	0.000212	-0.012518	0.088339	-0.177735	-0.657071
0.150717	0.016346	0.417118	-0.030975	0.880811	-0.472502	-0.941642	-0.184175	-0.281711	-0.335127	0.435106	0.835703	7e-06	6.7e-05	3.2e-05	-0.000118	-0.000496	-0.000195	-1.810785	-0.195252	0.03798	0.395234	0.722876	0.597257	0.347455	-0.635327	0.772183	-0.005222	-0.272313	-0.217736	0.937177	-2.8e-05	-0.000451	-0.000214	3.9e-05	3.6e-05	-1.4e-05	-0.737129
0.150715	0.016388	0.417051	-0.029362	0.880552	-0.473088	-0.94075	-0.184234	-0.284637	-0.337768	0.435605	0.834379	-0.000157	-0.001418	-0.000676	-0	-0	-0	-1.909824	-0.195247	0.03794	0.395193	0.715894	0.605658	0.347368	-0.644279	0.764729	-0.005221	-0.269691	-0.220838	0.937209	-9.9e-05	-0.001595	-0.000758	-0.172777	0.002597	-0.466156	-0.599353
0.150717	0.0162	0.417015	-0.028426	0.8803	-0.473612	-0.939956	-0.18468	-0.286961	-0.340052	0.435923	0.833285	-0.00065	-0.005853	-0.002794	-0.001084	0.01076	-0.026713	-1.46132	-0.195142	0.038064	0.395245	0.716324	0.605299	0.347109	-0.643875	0.765071	-0.005066	-0.269517	-0.220639	0.937306	0.012219	0.006812	0.0024	0.003858	-0.028012	0.054996	0.017628
0.150594	0.015946	0.417126	-0.035809	0.880386	-0.472953	-0.939851	-0.190469	-0.283503	-0.339639	0.433258	0.834841	-8.1e-05	-0.000726	-0.000347	0.228971	2.532895	-5.618323	-0.358323	-0.195139	0.038335	0.395428	0.716383	0.603998	0.349247	-0.643595	0.765317	-0.003076	-0.27003	-0.223342	0.936518	0.000443	0.007181	0.003399	-0.007106	-0.000548	0.032484	0.345988
0.150504	0.01581	0.417304	-0.042894	0.879049	-0.474846	-0.939889	-0.196599	-0.279159	-0.338703	0.433235	0.835233	6.8e-05	-0.008867	0.010284	-0.103263	-0.269484	-0.129039	-0.013645	-0.195103	0.038368	0.395536	0.716531	0.603867	0.349169	-0.643515	0.765385	-0.002799	-0.269826	-0.223462	0.936548	0.000327	0.005314	0.002513	0.001683	-0.012618	0.025854	0.44421
0.150513	0.015565	0.417699	-0.057671	0.879188	-0.473021	-0.940316	-0.206939	-0.270099	-0.335291	0.428118	0.839239	0.000219	-0.007514	0.010936	-0.043148	0.086881	-0.207739	0.332198	-0.195024	0.038328	0.395638	0.716825	0.602358	0.351167	-0.64306	0.765772	-0.000547	-0.270131	-0.226198	0.935803	4e-06	6.9e-05	3.3e-05	-0.000154	0.000211	0.000116	0.528307
0.150556	0.015431	0.418059	-0.059059	0.879451	-0.47236	-0.941443	-0.206353	-0.266597	-0.331867	0.427861	0.84073	0.000437	0.003917	0.001867	0.001094	-0.01067	0.026749	0.458167	-0.195045	0.038257	0.395616	0.716867	0.602321	0.351144	-0.643027	0.7658	-0.000507	-0.270099	-0.226201	0.935812	-0.000102	-0.001663	-0.000786	-0	0	0	0.530383
0.150598	0.015397	0.418161	-0.058714	0.879472	-0.472365	-0.941554	-0.205947	-0.266521	-0.331614	0.428014	0.840751	0.000198	0.001775	0.000846	0.007556	-0.07358	0.184625	0.475524	-0.195056	0.038202	0.395612	0.716753	0.602416	0.351215	-0.643148	0.765698	-0.0005	-0.270113	-0.226295	0.935785	-8.7e-05	-0.001409	-0.000667	-0	0	0	0.529634
0.1507	0.015397	0.418157	-0.058571	0.879465	-0.472393	-0.941561	-0.205838	-0.266583	-0.331622	0.428079	0.840715	-7.9e-05	0.008785	-0.010334	0.035763	-0.011289	0.019105	0.438578	-0.195087	0.038162	0.395563	0.716614	0.602534	0.351295	-0.643259	0.765605	-0.000625	-0.270217	-0.226296	0.935754	-0.000203	-0.003299	-0.001562	-0.001814	0.012789	-0.02576	0.477444
0.150809	0.015604	0.417915	-0.047373	0.880064	-0.472534	-0.94369	-0.194428	-0.267614	-0.327341	0.432153	0.840308	1.3e-05	0.009625	-0.00993	-2.573809	-1.489198	4.659711	0.230289	-0.195122	0.037995	0.395401	0.717379	0.60385	0.347453	-0.643708	0.765227	-0.000531	-0.267089	-0.224049	0.937192	-0.000471	-0.007629	-0.003621	0.00155	0.008171	-0.028294	0.266758
0.150829	0.015769	0.417622	-0.043026	0.880687	-0.471789	-0.940846	-0.194507	-0.277396	-0.33602	0.43085	0.837548	-0.000111	-0.001008	-0.00048	0.009546	0.039974	0.015609	-0.163494	-0.195175	0.037734	0.395259	0.717221	0.603983	0.347547	-0.643844	0.765113	-0.000638	-0.267186	-0.22408	0.937157	0.01149	-0.005135	-0.00328	0.002045	-0.015206	0.029245	-0.034943
0.150767	0.015825	0.417597	-0.039381	0.881167	-0.47121	-0.942737	-0.189004	-0.274764	-0.331133	0.432311	0.83874	-0.012006	0.002736	0.00173	-0.235224	-0.121444	0.387792	-0.299874	-0.195177	0.03771	0.395247	0.71709	0.605337	0.345456	-0.644225	0.764788	-0.002526	-0.266618	-0.221514	0.937928	2.4e-05	0.000382	0.000182	0.017082	-0.023484	-0.01289	-0.15553
0.150759	0.015987	0.417576	-0.027066	0.881305	-0.471821	-0.944034	-0.177682	-0.277847	-0.328676	0.436799	0.83738	8.7e-05	0.000781	0.000372	-0.001901	-0.001119	0.003374	-0.6983	-0.195174	0.037844	0.395248	0.712398	0.609796	0.347318	-0.648768	0.760927	-0.004936	-0.268175	-0.222591	0.937229	0.000118	0.001904	0.000905	4e-06	-6e-06	-3e-06	-0.376906
0.150758	0.016066	0.417483	-0.02197	0.881435	-0.471841	-0.944966	-0.172335	-0.278047	-0.326376	0.438669	0.837302	-0	-2e-06	-1e-06	-0	-0	0	-1.095826	-0.195189	0.037915	0.395262	0.712178	0.609979	0.347445	-0.64896	0.760762	-0.005064	-0.268294	-0.22265	0.937181	0.000581	-0.00942	0.009562	-0.048926	0.099484	-0.195666	-0.590595
0.150757	0.016065	0.417472	-0.021826	0.881434	-0.471851	-0.944959	-0.172232	-0.278136	-0.326408	0.438713	0.837267	-2.1e-05	-0.000191	-9.1e-05	0	0	0	-1.238072	-0.195224	0.037924	0.395258	0.712224	0.609941	0.347418	-0.648909	0.760805	-0.005073	-0.268293	-0.222609	0.937191	-0.011785	0.00028	0.000969	-0.002045	0.015205	-0.029245	-0.650999
0.15078	0.016037	0.417425	-0.018938	0.880891	-0.472987	-0.943302	-0.172474	-0.283558	-0.331347	0.439704	0.834803	-0.000236	-0.002135	-0.001017	0.000648	0.010024	-0.025984	-1.497959	-0.195216	0.037916	0.395254	0.711207	0.610091	0.349234	-0.648889	0.760804	-0.007304	-0.271036	-0.222199	0.936499	-0	-1e-06	-1e-06	-0.012517	0.088348	-0.17773	-0.684293
0.150785	0.016048	0.417354	-0.018907	0.880882	-0.473006	-0.943241	-0.172536	-0.283723	-0.331521	0.439699	0.834737	-1.8e-05	-0.000158	-7.5e-05	0	0	0	-1.858981	-0.195197	0.037955	0.39526	0.710392	0.61007	0.350924	-0.648662	0.760974	-0.009485	-0.27371	-0.221673	0.935846	7.4e-05	0.001191	0.000566	1.2e-05	1.1e-05	-4e-06	-0.815805
0.150761	0.016096	0.417356	-0.017487	0.880614	-0.473559	-0.942396	-0.172684	-0.28643	-0.333997	0.440176	0.833497	-0.012069	0.002122	0.001437	-0.000984	0.014715	-0.029553	-1.909956	-0.195202	0.038035	0.395288	0.710418	0.61005	0.350909	-0.648631	0.761	-0.0095	-0.273716	-0.22164	0.935851	0.000139	0.002244	0.001066	0	-0	-0	-0.85731
0.15075	0.016073	0.417356	-0.017571	0.880616	-0.473552	-0.942404	-0.172739	-0.28637	-0.333969	0.44015	0.833522	-0.00011	-0.010485	0.009511	-0.035757	0.011343	-0.019084	-1.909354	-0.19519	0.038066	0.395313	0.7105	0.609981	0.350862	-0.648562	0.761059	-0.009446	-0.273668	-0.221624	0.935869	9.8e-05	0.00158	0.00075	0.012517	-0.088353	0.177728	-0.83293
0.15075	0.016081	0.417349	-0.017703	0.880616	-0.473548	-0.942395	-0.172857	-0.286329	-0.333988	0.440105	0.833539	3.2e-05	0.00978	-0.009847	0.035757	-0.011343	0.019084	-1.569396	-0.19516	0.038121	0.395337	0.711578	0.609785	0.349014	-0.648537	0.761105	-0.007195	-0.270905	-0.222007	0.936582	8.9e-05	0.001442	0.000684	-0.586975	-0.544743	0.21515	-0.600738
0.150665	0.016057	0.417482	-0.024729	0.88078	-0.472928	-0.942293	-0.178463	-0.283208	-0.333821	0.437538	0.834956	0.000254	0.002285	0.001088	0.235228	0.140864	-0.415296	-0.545433	-0.19513	0.038153	0.395371	0.715296	0.605459	0.348945	-0.64392	0.765017	-0.007102	-0.272134	-0.220386	0.936609	0.000109	0.001765	0.000837	-0.051646	0.001051	-0.138625	-0.1711
0.150604	0.016014	0.417584	-0.027743	0.881318	-0.471757	-0.944017	-0.178229	-0.277558	-0.328672	0.43655	0.837512	-0.012034	-0.007055	0.011575	-0.250834	0.113173	-0.140152	-0.200281	-0.195118	0.038177	0.395403	0.718939	0.601152	0.348905	-0.639325	0.768861	-0.007026	-0.273374	-0.21878	0.936624	0.000127	0.002052	0.000973	0	-0	0	0.019616
0.150612	0.015882	0.417706	-0.035683	0.881659	-0.470583	-0.944692	-0.183299	-0.271899	-0.325944	0.433758	0.840024	-6e-06	-5.2e-05	-2.5e-05	-0	0	-0	0.132379	-0.195129	0.038186	0.395482	0.719015	0.599824	0.351028	-0.639034	0.769119	-0.004975	-0.273857	-0.221508	0.935842	2.9e-05	0.000464	0.00022	-0.020102	0.098719	-0.172035	0.226611
0.150674	0.015695	0.417865	-0.041298	0.881448	-0.47052	-0.94378	-0.188933	-0.271214	-0.327914	0.43177	0.840282	-3.7e-05	-0.009824	0.009834	-0.035745	0.011323	-0.019122	0.281417	-0.195124	0.038124	0.395558	0.719142	0.599708	0.350965	-0.63898	0.769166	-0.00468	-0.273647	-0.221661	0.935867	2.3e-05	0.000377	0.000178	-2e-06	2e-06	1e-06	0.35737
0.150664	0.015566	0.418	-0.041467	0.881468	-0.470468	-0.94393	-0.188851	-0.270745	-0.327459	0.431765	0.840462	-1.5e-05	-0.009624	0.009932	0.178307	-0.075762	0.072475	0.344758	-0.195119	0.03814	0.395619	0.719089	0.599749	0.351003	-0.639065	0.769096	-0.004575	-0.273589	-0.22179	0.935853	0.000144	0.002329	0.001102	0.001815	-0.012785	0.025762	0.438288
0.150656	0.015546	0.418034	-0.042907	0.881715	-0.469876	-0.944748	-0.188719	-0.267971	-0.324904	0.43132	0.841681	6e-06	5.2e-05	2.5e-05	-0	0	-0	0.356612	-0.195108	0.038164	0.39564	0.720179	0.599527	0.349144	-0.639019	0.769145	-0.002295	-0.27081	-0.222222	0.936559	0.000155	0.002519	0.001192	0.001815	-0.012784	0.025762	0.472049
0.150649	0.015541	0.418065	-0.042788	0.881721	-0.469875	-0.944777	-0.188587	-0.267962	-0.324835	0.431364	0.841685	6e-06	5.4e-05	2.6e-05	-0	0	-0	0.358911	-0.195114	0.038204	0.395659	0.720133	0.599566	0.349171	-0.639062	0.769109	-0.002312	-0.270829	-0.222243	0.936549	8.8e-05	0.001429	0.000676	-0	0	0	0.509307
0.150615	0.015575	0.418071	-0.042657	0.881726	-0.469878	-0.944772	-0.188491	-0.268048	-0.324868	0.431397	0.841656	4.3e-05	0.000386	0.000184	0	0	0	0.358431	-0.195132	0.038196	0.395657	0.721205	0.599355	0.347316	-0.639014	0.769153	-6.2e-05	-0.268069	-0.222661	0.937243	-4e-06	-6.1e-05	-2.9e-05	-0	0	0	0.526255
0.150616	0.01559	0.418079	-0.042613	0.881727	-0.469881	-0.944773	-0.188456	-0.268068	-0.32487	0.43141	0.841648	0.000115	0.001038	0.000494	0	0	0	0.359754	-0.195133	0.038188	0.395653	0.721087	0.599456	0.347387	-0.639126	0.769059	-0.000105	-0.268117	-0.222714	0.937217	-7e-06	-0.000119	-5.6e-05	-0	0	0	0.53018
0.150634	0.015574	0.418081	-0.042602	0.881726	-0.469883	-0.944782	-0.188436	-0.26805	-0.324845	0.43142	0.841652	-2.6e-05	-0.009719	0.009887	-0.035762	0.011304	-0.019099	0.373278	-0.195125	0.038172	0.395645	0.720971	0.599555	0.347456	-0.639237	0.768966	-0.000147	-0.268163	-0.222767	0.937191	-4.5e-05	-0.000732	-0.000346	-0	0	0	0.532657
0.150651	0.015572	0.418068	-0.042559	0.881724	-0.469892	-0.944775	-0.188414	-0.268092	-0.324872	0.431435	0.841634	1.4e-05	0.009614	-0.009938	0.043308	-0.08496	0.203693	0.38986	-0.195127	0.038156	0.395627	0.72104	0.599497	0.347413	-0.639164	0.769027	-0.000147	-0.268151	-0.222714	0.937207	-2.9e-05	-0.000463	-0.000219	-0	0	0	0.53281
0.150661	0.015579	0.418071	-0.042512	0.881723	-0.469896	-0.944776	-0.188378	-0.268113	-0.324875	0.431452	0.841625	0.01224	-0.000624	-0.000724	0.00853	-0.088372	0.214147	0.39503	-0.195118	0.038148	0.395622	0.721042	0.599495	0.347411	-0.639162	0.769029	-0.000146	-0.26815	-0.222713	0.937207	-9e-06	-0.000144	-6.8e-05	-0	0	0	0.532876
0.15065	0.015564	0.418065	-0.042729	0.881721	-0.469881	-0.94477	-0.188551	-0.268012	-0.324863	0.43138	0.841666	-0.000155	-0.001396	-0.000665	0.007546	-0.073658	0.184594	0.398249	-0.195109	0.038148	0.395622	0.72106	0.599481	0.347401	-0.639146	0.769042	-0.00014	-0.268143	-0.222705	0.937212	7.1e-05	0.001147	0.000543	0.001815	-0.012785	0.025762	0.533358
0.150661	0.015593	0.418045	-0.042782	0.881716	-0.469886	-0.944743	-0.188631	-0.268051	-0.324935	0.431357	0.84165	0.012254	-0.000504	-0.000667	0.000984	-0.014715	0.029553	0.377892	-0.195102	0.03814	0.395607	0.721058	0.599483	0.3474	-0.639142	0.769046	-0.000165	-0.268159	-0.222685	0.937212	-2.7e-05	-0.000434	-0.000206	-0	0	0	0.533377
0.150686	0.015654	0.417954	-0.042573	0.881703	-0.46993	-0.944655	-0.188596	-0.268386	-0.325219	0.431398	0.841519	-8.2e-05	-0.000739	-0.000352	0	0	0	0.316952	-0.195086	0.038147	0.395588	0.721098	0.59945	0.347372	-0.639089	0.769089	-0.0002	-0.268173	-0.222623	0.937222	-0	-3e-06	-2e-06	0	0	0	0.532525
0.150685	0.015667	0.417917	-0.04255	0.881698	-0.46994	-0.944621	-0.188627	-0.268483	-0.32532	0.431394	0.841483	-3.4e-05	0.009189	-0.010138	0.035761	-0.01131	0.019097	0.273692	-0.195095	0.038186	0.395565	0.72114	0.599418	0.347343	-0.639023	0.769145	-0.000285	-0.26822	-0.222521	0.937233	1.2e-05	0.000192	9.1e-05	0	0	0	0.519933
0.150691	0.015678	0.417856	-0.041143	0.881449	-0.470533	-0.943784	-0.18881	-0.271285	-0.327922	0.431823	0.840251	-6.2e-05	-0.000556	-0.000265	0	-0	0	0.152141	-0.195111	0.038303	0.395453	0.721281	0.599309	0.347237	-0.638781	0.769345	-0.000631	-0.268417	-0.222119	0.937272	-5e-06	-8.5e-05	-4e-05	0	0	0	0.478662
0.150685	0.015754	0.417827	-0.040983	0.881445	-0.470555	-0.943736	-0.188753	-0.27149	-0.32808	0.431856	0.840173	0.000114	0.001025	0.000488	0	0	0	0.022984	-0.195118	0.038381	0.395342	0.72218	0.599253	0.345461	-0.638797	0.769331	0.001209	-0.265944	-0.222318	0.93793	-3.2e-05	-0.000513	-0.000243	-0	-0	0	0.407711
0.150687	0.015799	0.417805	-0.040875	0.881441	-0.47057	-0.943704	-0.188715	-0.271628	-0.328185	0.431879	0.84012	5.7e-05	0.00051	0.000243	0	0	0	-0.049011	-0.195124	0.038419	0.395266	0.718658	0.603493	0.345426	-0.643246	0.765616	0.000999	-0.264751	-0.223682	0.937943	-0.00064	0.008462	-0.010011	0.036408	-0.011148	0.017929	0.352814
0.150697	0.015921	0.417689	-0.040974	0.880054	-0.473152	-0.943734	-0.189547	-0.270941	-0.328085	0.434333	0.838893	0	1e-06	1e-06	-0.008354	0.070408	-0.185862	-0.221817	-0.195128	0.038433	0.395093	0.716058	0.607619	0.343587	-0.647674	0.761869	0.002797	-0.260956	-0.225311	0.938616	0.011558	-0.003753	-0.002615	0.002045	-0.015205	0.029245	0.144528
0.150714	0.016107	0.417472	-0.040659	0.880022	-0.473237	-0.9435	-0.189636	-0.271692	-0.328796	0.434358	0.838602	-2.1e-05	-0.000193	-9.2e-05	-0	-1e-06	-0	-0.490487	-0.195147	0.038463	0.394971	0.716047	0.607637	0.343577	-0.6476	0.761933	0.002469	-0.261169	-0.225045	0.938621	1e-05	0.000159	7.5e-05	0	0	0	0.00659
0.15074	0.016363	0.417169	-0.039079	0.879731	-0.473911	-0.942369	-0.190093	-0.275276	-0.332216	0.434747	0.837051	-1.5e-05	0.009354	-0.010046	0.035755	-0.011361	0.019077	-0.967902	-0.195152	0.03862	0.394856	0.716067	0.607634	0.343542	-0.647465	0.762048	0.002028	-0.261451	-0.22466	0.938634	0.011772	-0.000251	-0.000954	0.002045	-0.015205	0.029245	-0.194443
0.150765	0.016475	0.417014	-0.037525	0.879463	-0.474533	-0.941399	-0.190331	-0.278412	-0.335133	0.435184	0.83566	-7.8e-05	0.008786	-0.010314	0.03765	-0.010257	0.015734	-1.324134	-0.195166	0.03869	0.394785	0.716143	0.607577	0.343483	-0.647328	0.762166	0.001806	-0.261581	-0.224416	0.938657	-0.000522	0.010364	-0.009101	0.036406	-0.01118	0.017913	-0.35037
0.150772	0.016631	0.416806	-0.036224	0.879185	-0.475149	-0.940351	-0.190859	-0.281575	-0.338207	0.435513	0.834249	-3e-06	-3.1e-05	-1.5e-05	0.021265	0.012602	-0.037337	-1.890743	-0.195184	0.038902	0.394613	0.716323	0.606211	0.345516	-0.64674	0.76266	0.00306	-0.262544	-0.226425	0.937905	-0.000512	0.010516	-0.009024	0.023809	0.077797	-0.159498	-0.753688
0.150741	0.016797	0.416712	-0.030576	0.879372	-0.475201	-0.94133	-0.185129	-0.282129	-0.33604	0.4376	0.834032	6.9e-05	0.000622	0.000296	-0	-0	0	-1.910755	-0.195223	0.039176	0.394377	0.715121	0.606544	0.347416	-0.646693	0.762707	-0.000105	-0.265926	-0.225371	0.937206	-0.000516	0.010439	-0.009055	0.036404	-0.011217	0.017895	-1.067808
0.150757	0.016816	0.416666	-0.030488	0.879365	-0.47522	-0.941287	-0.185121	-0.282277	-0.336167	0.437618	0.833971	-7.8e-05	-0.000705	-0.000336	-0	-0	-0	-1.911016	-0.195239	0.03931	0.394262	0.716097	0.606437	0.345587	-0.646616	0.76277	0.001684	-0.263469	-0.225443	0.937882	-0.000515	0.010443	-0.00905	-0.016215	-0.060387	0.037421	-1.100035
0.150831	0.016767	0.416586	-0.022574	0.878992	-0.476349	-0.940665	-0.179972	-0.287631	-0.338535	0.440498	0.831494	-0.000232	-0.002099	-0.001001	0.005771	-0.00236	0.002485	-1.911146	-0.195238	0.039364	0.394151	0.711234	0.611022	0.347547	-0.651265	0.758806	-0.000953	-0.265184	-0.226447	0.937157	-0.000114	-0.001849	-0.000878	-3e-06	0	-9e-06	-1.310263
0.150828	0.016837	0.416467	-0.022431	0.878976	-0.476386	-0.940542	-0.18003	-0.287998	-0.338887	0.440508	0.831346	-7e-06	-6.4e-05	-3.1e-05	-0	-0	-0	-1.91083	-0.195234	0.03926	0.394112	0.710247	0.61114	0.349355	-0.651234	0.758827	-0.003143	-0.2679	-0.22606	0.936478	-0.000117	-0.001885	-0.000896	0	0	-0	-1.404095
0.150811	0.016904	0.416413	-0.022477	0.878968	-0.476399	-0.94047	-0.180164	-0.288148	-0.339083	0.440469	0.831286	0	1e-06	1e-06	-0	-0	-0	-1.80627	-0.195216	0.039268	0.394114	0.711317	0.610954	0.347497	-0.651194	0.758867	-0.000898	-0.265134	-0.226429	0.937175	0.00014	0.002273	0.00108	-0.004738	-0.004425	0.001757	-0.965972
0.150793	0.016899	0.416432	-0.02422	0.879233	-0.475823	-0.941318	-0.180267	-0.285298	-0.336597	0.439898	0.832598	-0.012164	-0.008316	0.010955	-0.037254	0.026334	-0.048836	-1.448027	-0.195184	0.039355	0.394164	0.709032	0.614748	0.345471	-0.655379	0.755255	0.00147	-0.260893	-0.228241	0.937926	0.000376	0.00609	0.002891	-0.345436	-0.177605	-0.37577	-0.458877
0.150632	0.016849	0.416687	-0.034425	0.879873	-0.474008	-0.942893	-0.185755	-0.276439	-0.331246	0.436328	0.836613	-0.011889	-0.00585	0.012133	-0.0298	-0.048208	0.135408	-0.422331	-0.195165	0.039721	0.394401	0.701357	0.623371	0.345684	-0.664628	0.747129	0.001497	-0.258205	-0.231597	0.937847	0.000668	0.010857	0.005133	0.001807	-0.012912	0.025698	0.17019
0.150544	0.016715	0.417018	-0.037694	0.879054	-0.475277	-0.944957	-0.185978	-0.269145	-0.324945	0.437878	0.838272	0.000215	0.001929	0.000918	-0.019915	0.004931	-0.009501	0.124941	-0.195132	0.039661	0.394707	0.700964	0.623661	0.34596	-0.665189	0.746628	0.002155	-0.257826	-0.232435	0.937744	0.000642	-0.008396	0.010021	-0.036405	0.011207	-0.0179	0.430553
0.150543	0.016527	0.417211	-0.043025	0.878846	-0.47521	-0.94406	-0.191354	-0.268524	-0.32688	0.435981	0.838509	-9e-05	-0.010279	0.009606	0.2006	0.144905	-0.436145	0.286871	-0.195068	0.039401	0.394917	0.701332	0.623346	0.34578	-0.66506	0.74674	0.003081	-0.257155	-0.232921	0.937807	0.012258	-0.01083	0.008044	-0.034362	-0.004021	0.011334	0.495308
0.150588	0.016197	0.417422	-0.043202	0.878879	-0.475132	-0.944348	-0.191084	-0.267705	-0.326025	0.436032	0.838815	-0.000166	-0.00149	-0.000709	-0	-0	-0	0.402453	-0.194997	0.039078	0.395117	0.701256	0.624596	0.343674	-0.665564	0.746294	0.002075	-0.256054	-0.230989	0.938586	0.000411	-0.012213	0.008229	-0.003674	-0.033776	-0.042697	0.528228
0.150727	0.016209	0.417281	-0.042673	0.880228	-0.472677	-0.944083	-0.190274	-0.269213	-0.326862	0.433662	0.839717	-0.000267	-0.002407	-0.001147	0.028776	0.135353	0.022131	0.388252	-0.195049	0.038952	0.39505	0.70113	0.624695	0.343749	-0.66567	0.746199	0.002006	-0.256119	-0.231027	0.938559	-0.000178	-0.00291	-0.001376	7e-06	-1e-05	-5e-06	0.526242
0.150842	0.016378	0.41703	-0.042121	0.880188	-0.472801	-0.943839	-0.190202	-0.270114	-0.327635	0.433776	0.839357	-0.000137	0.008261	-0.010566	0.035761	-0.011333	0.019089	0.268613	-0.195052	0.038903	0.394921	0.701014	0.624795	0.343805	-0.665712	0.746162	0.001717	-0.256329	-0.230876	0.938539	-0.00018	-0.00293	-0.001387	0	-0	-0	0.485709
0.150867	0.016489	0.416865	-0.041956	0.880163	-0.472862	-0.943672	-0.190313	-0.270622	-0.32814	0.433777	0.839159	-0.000163	0.008025	-0.010676	0.035754	-0.011368	0.019075	0.130676	-0.195077	0.038895	0.394834	0.70093	0.624867	0.343845	-0.665737	0.74614	0.001488	-0.256494	-0.230751	0.938524	-0.000184	-0.003	-0.001422	0	-0	-0	0.442627
0.150881	0.016585	0.416573	-0.037726	0.879392	-0.474649	-0.940998	-0.191047	-0.279277	-0.336235	0.435014	0.835306	-0.000285	-0.00258	-0.001232	0	-0	0	-0.151984	-0.195192	0.038816	0.394646	0.700733	0.625033	0.343946	-0.66582	0.746067	0.001046	-0.25682	-0.230537	0.938488	-0.00039	-0.006315	-0.002998	-0.001809	0.012868	-0.02572	0.273073
0.15084	0.016664	0.416558	-0.039042	0.879636	-0.47409	-0.941766	-0.190909	-0.276772	-0.333926	0.434582	0.836456	0.000261	0.011854	-0.008844	0.035752	-0.01139	0.019066	-0.293012	-0.195241	0.038783	0.394486	0.699846	0.625068	0.345682	-0.665615	0.74625	-0.001488	-0.259761	-0.229848	0.937848	-9.2e-05	-0.001492	-0.000709	0.000427	0.000398	-0.000157	0.075941
0.150863	0.016725	0.416564	-0.033622	0.879849	-0.47411	-0.942866	-0.185186	-0.276913	-0.331407	0.436618	0.836398	0.000191	0.001724	0.000822	-0.786055	-0.459111	1.386712	-0.399394	-0.195235	0.038853	0.394435	0.700876	0.624935	0.343833	-0.66555	0.746309	0.000548	-0.257131	-0.23002	0.93853	-0.000481	0.011011	-0.008786	0.023496	0.077306	-0.159395	-0.006456
0.150931	0.016809	0.416515	-0.028469	0.880016	-0.474137	-0.943876	-0.179747	-0.277055	-0.32901	0.438544	0.836336	1.9e-05	0.000171	8.1e-05	-0	-0	0	-0.807618	-0.195266	0.039011	0.394343	0.699494	0.626574	0.343663	-0.665996	0.7459	-0.004035	-0.259732	-0.226856	0.938583	2e-06	2.7e-05	1.3e-05	0.008711	-0.001015	-0.004734	-0.226604
0.150922	0.016868	0.416457	-0.021475	0.87989	-0.474739	-0.944049	-0.174087	-0.280064	-0.329053	0.441068	0.834991	-3.4e-05	-0.000306	-0.000146	1e-06	-1e-06	1e-06	-1.49545	-0.195323	0.039019	0.394288	0.699485	0.626585	0.343663	-0.665965	0.745927	-0.004187	-0.259836	-0.226738	0.938583	-0.00013	-0.002093	-0.000995	0.012476	-0.089014	0.177401	-0.609335
0.15088	0.016895	0.416351	-0.013724	0.87944	-0.47586	-0.943327	-0.169134	-0.285482	-0.33154	0.44388	0.832514	-6e-05	-0.00054	-0.000258	-0.000558	-0.000336	0.00098	-1.905805	-0.195342	0.038916	0.394197	0.704702	0.618641	0.347376	-0.657137	0.753676	-0.008792	-0.26812	-0.222867	0.937179	-0.000759	0.006512	-0.010924	0.623005	-0.101937	1.72338	-1.301613
0.150852	0.016912	0.416339	-0.013467	0.879437	-0.475872	-0.943309	-0.168952	-0.285648	-0.3316	0.443953	0.832451	-1e-06	-8e-06	-4e-06	-0	-0	0	-1.909534	-0.195326	0.038908	0.394171	0.704924	0.618463	0.347243	-0.656921	0.753864	-0.008763	-0.268066	-0.222723	0.937229	-2.5e-05	-0.000406	-0.000193	0	-0	0	-1.400268
0.150867	0.016894	0.416307	-0.006437	0.879204	-0.47645	-0.943441	-0.163208	-0.288537	-0.331443	0.446552	0.831122	-0.000137	-0.001241	-0.000592	-0	-0	0	-1.909569	-0.195294	0.039042	0.394201	0.704696	0.61865	0.347371	-0.657109	0.753698	-0.008919	-0.268203	-0.222765	0.93718	0.000153	0.002465	0.001172	0	-0	-0	-1.407694
0.150877	0.016792	0.416291	-0.005271	0.878923	-0.476982	-0.942629	-0.163518	-0.291006	-0.333768	0.44699	0.829955	-0.000241	-0.00218	-0.001041	0	-0	0	-1.909029	-0.195311	0.039042	0.394213	0.704666	0.618674	0.347391	-0.657144	0.753669	-0.008905	-0.268199	-0.222801	0.937172	-3.3e-05	-0.000531	-0.000253	0	-0	-0	-1.407812
0.150873	0.016745	0.41629	-0.00539	0.878927	-0.476973	-0.942647	-0.163588	-0.290907	-0.333714	0.446956	0.829995	-0.000202	-0.001828	-0.000873	0	-0	0	-1.903502	-0.195312	0.039018	0.394202	0.704831	0.61854	0.347294	-0.656993	0.753801	-0.008846	-0.268135	-0.222725	0.937209	-8.9e-05	-0.001426	-0.000678	0	-0	-0	-1.407313
0.150804	0.016608	0.416368	-0.01279	0.879189	-0.476349	-0.942617	-0.169482	-0.287612	-0.33359	0.444243	0.8315	0.000104	0.000939	0.000449	0.0014	0.001371	-0.003573	-0.943674	-0.195248	0.039041	0.394219	0.705108	0.618315	0.347132	-0.656747	0.754017	-0.008723	-0.268009	-0.222616	0.93727	0.000245	0.003948	0.001878	0.001807	-0.012903	0.025703	-0.90322
0.150635	0.016482	0.41687	-0.026545	0.879578	-0.47506	-0.942641	-0.180144	-0.280978	-0.332696	0.439259	0.834501	0.000884	-0.001529	0.013774	-0.03467	0.00061	0.00764	-0.06025	-0.195181	0.03939	0.394508	0.70875	0.614954	0.345681	-0.655839	0.754854	0.002141	-0.260499	-0.229014	0.937847	0.00077	0.012496	0.005916	-0.778717	-0.290621	0.39175	-0.02351
0.150675	0.016447	0.417081	-0.027574	0.879863	-0.474475	-0.943641	-0.179452	-0.278047	-0.329762	0.438973	0.835815	0.000594	0.005351	0.002549	-0.021068	-0.012346	0.037112	0.100524	-0.195192	0.039472	0.394685	0.707363	0.615385	0.34775	-0.656268	0.754484	0.000105	-0.263183	-0.229077	0.937081	0.000504	0.008173	0.003862	0.051087	0.040844	0.008672	0.159908
0.150763	0.016083	0.417525	-0.034724	0.879993	-0.473765	-0.943851	-0.184646	-0.273904	-0.328477	0.436557	0.837584	-0.000197	-0.011272	0.009139	-0.035758	0.011334	-0.019088	0.301106	-0.195142	0.038986	0.395105	0.706018	0.616974	0.347667	-0.657202	0.753666	-0.002533	-0.264461	-0.227487	0.937109	0.000873	-0.023503	0.016895	-0.049836	-0.080708	0.133808	0.370435
0.150714	0.015688	0.417915	-0.036539	0.880309	-0.473039	-0.945088	-0.184202	-0.269905	-0.324698	0.436106	0.839291	7.4e-05	-0.008827	0.01031	-0.035761	0.011308	-0.019098	0.394388	-0.195095	0.038399	0.395508	0.706355	0.616654	0.347551	-0.657318	0.753569	-0.000796	-0.263269	-0.228677	0.937155	0.012277	-0.010864	0.008042	-0.034363	-0.004075	0.011307	0.492769
0.150702	0.015565	0.41814	-0.041456	0.880116	-0.472995	-0.944213	-0.189242	-0.269484	-0.326644	0.434341	0.839451	0.000241	-0.007326	0.011027	0.207047	0.071709	-0.252027	0.417628	-0.195153	0.038206	0.395726	0.705851	0.61704	0.34789	-0.65797	0.753	-0.000255	-0.262992	-0.229509	0.937029	-5.6e-05	-0.000912	-0.000431	0	-0	-0	0.531898
0.150714	0.015567	0.418173	-0.041565	0.880117	-0.472983	-0.944236	-0.189293	-0.269367	-0.326564	0.434316	0.839495	9.5e-05	0.000854	0.000406	0.021122	0.012029	-0.037489	0.418511	-0.195225	0.038184	0.395721	0.706195	0.615526	0.349869	-0.65742	0.753479	0.001701	-0.263446	-0.231997	0.936289	-0.011845	-0.000925	0.000398	-0.010952	0.027473	-0.022522	0.532994
0.150713	0.015559	0.418169	-0.042964	0.88036	-0.472405	-0.945017	-0.189173	-0.2667	-0.324113	0.433877	0.840671	-3.1e-05	-0.00028	-0.000133	-0	0	-0	0.425565	-0.195224	0.038151	0.395631	0.707355	0.61528	0.347952	-0.65724	0.753628	0.003807	-0.260759	-0.232166	0.936999	-0.000155	-0.002494	-0.00118	-1.3e-05	-8e-06	6e-06	0.533876
0.150678	0.01557	0.418187	-0.042887	0.880366	-0.472401	-0.945027	-0.189096	-0.266717	-0.324093	0.433898	0.840668	5.6e-05	0.000503	0.000239	0	0	0	0.433069	-0.195175	0.038165	0.395581	0.708382	0.615138	0.346108	-0.657186	0.753661	0.005917	-0.258086	-0.232434	0.937673	-1e-06	-2.1e-05	-1e-05	-0	0	0	0.533925
0.150672	0.015581	0.418225	-0.042726	0.880373	-0.472403	-0.945057	-0.18893	-0.266729	-0.324027	0.433956	0.840664	0.000262	0.002355	0.00112	0.001094	-0.010663	0.026752	0.435356	-0.195167	0.038203	0.395557	0.708459	0.615079	0.346057	-0.65709	0.753746	0.005844	-0.258121	-0.232316	0.937692	6e-06	0.0001	4.7e-05	-0	0	0	0.533955
0.150677	0.015555	0.418311	-0.042765	0.880383	-0.47238	-0.945133	-0.188852	-0.266516	-0.323801	0.433969	0.840744	5.8e-05	0.000525	0.00025	0	0	0	0.438128	-0.19515	0.038288	0.395416	0.704614	0.620647	0.343958	-0.661832	0.7496	0.003529	-0.256513	-0.230921	0.938478	-8.6e-05	-0.001397	-0.000662	0.001087	-0.002056	-0.00223	0.533879
0.150679	0.015557	0.418344	-0.042749	0.880387	-0.472374	-0.945159	-0.188803	-0.266459	-0.323727	0.433982	0.840766	1.2e-05	0.000107	5.1e-05	0	0	0	0.440679	-0.19515	0.038302	0.395307	0.705728	0.620437	0.342048	-0.661651	0.749748	0.005523	-0.253896	-0.231006	0.939168	-1.6e-05	-0.000262	-0.000124	0	-1e-06	-0	0.533853
0.150688	0.015578	0.41831	-0.053252	0.879811	-0.47238	-0.942819	-0.200096	-0.266507	-0.328939	0.430082	0.840747	-2.5e-05	-0.000227	-0.000108	0.782619	0.441537	-1.392915	0.456919	-0.195162	0.038431	0.395443	0.708498	0.616286	0.343821	-0.657151	0.753707	0.003508	-0.257855	-0.229214	0.938528	0.000386	0.006257	0.00296	0	0	0	0.534555
0.150696	0.015619	0.418253	-0.053135	0.879805	-0.472405	-0.942763	-0.200087	-0.266713	-0.329119	0.430099	0.840668	6e-06	0.009554	-0.009968	0.035763	-0.011292	0.019104	0.468976	-0.195145	0.038526	0.395519	0.713725	0.60815	0.347478	-0.648204	0.761422	-0.000878	-0.265995	-0.225387	0.937182	0.0003	0.004864	0.002298	0.052859	0.049173	-0.019606	0.534406
0.150714	0.015683	0.418185	-0.053088	0.879793	-0.472432	-0.942687	-0.200158	-0.266929	-0.329345	0.430089	0.840584	-0	-0	-0	-0.007547	0.073629	-0.184606	0.49075	-0.195097	0.038557	0.395552	0.718782	0.60003	0.351152	-0.639188	0.768989	-0.005309	-0.274108	-0.221403	0.935793	-3.9e-05	-0.00064	-0.000302	0.04764	-0.005206	0.141366	0.534554
0.150758	0.015649	0.418178	-0.053046	0.87979	-0.472441	-0.942697	-0.200115	-0.266924	-0.329322	0.430115	0.84058	-8.2e-05	-0.00074	-0.000352	0	0	0	0.515077	-0.195126	0.038518	0.395535	0.718862	0.59996	0.351106	-0.639111	0.769053	-0.005279	-0.274076	-0.221367	0.935811	-0.011792	-0.000194	0.000744	-0.002045	0.015205	-0.029245	0.534624
0.150782	0.015615	0.418161	-0.053059	0.879787	-0.472445	-0.942696	-0.200127	-0.266917	-0.329321	0.430116	0.84058	-0.000265	-0.002395	-0.001139	-0.001093	0.010668	-0.02675	0.519499	-0.195136	0.038495	0.395525	0.7188	0.600013	0.351143	-0.63917	0.769004	-0.005302	-0.274102	-0.221396	0.935796	-7.1e-05	-0.001148	-0.000543	0	-0	-0	0.534571
0.150811	0.015571	0.418106	-0.053084	0.879779	-0.472458	-0.942669	-0.200185	-0.266968	-0.329394	0.430105	0.840557	-0.00021	-0.001895	-0.000902	0	0	0	0.520137	-0.195126	0.03851	0.395531	0.718847	0.599973	0.351115	-0.639125	0.769041	-0.005285	-0.274082	-0.221374	0.935807	6.3e-05	0.00102	0.000482	0	-0	-0	0.534571
0.150782	0.015535	0.418123	-0.053101	0.879785	-0.472445	-0.942695	-0.200161	-0.266897	-0.329319	0.430104	0.840587	9.7e-05	0.000879	0.000418	0	0	0	0.519819	-0.195127	0.038502	0.395528	0.718832	0.599986	0.351123	-0.63914	0.769029	-0.00529	-0.274088	-0.221381	0.935804	-2.7e-05	-0.000433	-0.000204	0	-0	-0	0.53492
0.150776	0.01551	0.418198	-0.05317	0.879794	-0.472421	-0.942761	-0.20012	-0.266692	-0.329116	0.430105	0.840666	0.000205	0.001849	0.00088	0.001094	-0.010662	0.026752	0.52018	-0.195127	0.038502	0.395528	0.718832	0.599986	0.351123	-0.63914	0.769029	-0.00529	-0.274088	-0.221381	0.935804	-0	-0	-0	0	-0	-0	0.5346
0.150787	0.015503	0.418227	-0.05836	0.879467	-0.472417	-0.941587	-0.205648	-0.266635	-0.331584	0.428166	0.840685	0.000203	0.001829	0.00087	0.001264	-0.010564	0.02645	0.519873	-0.195136	0.038503	0.395528	0.718815	0.6	0.351134	-0.639156	0.769015	-0.005297	-0.274096	-0.221389	0.9358	-0	-0	-0	0	-0	-0	0.534576
0.150779	0.015491	0.418265	-0.058407	0.879471	-0.472403	-0.94162	-0.205637	-0.266527	-0.331482	0.428163	0.840728	3e-05	0.000269	0.000128	0	0	-0	0.519618	-0.195126	0.03851	0.395531	0.718847	0.599973	0.351115	-0.639125	0.769041	-0.005285	-0.274082	-0.221374	0.935807	1e-06	1.4e-05	7e-06	0	-0	-0	0.534825
0.150743	0.015486	0.418275	-0.058521	0.879473	-0.472386	-0.941624	-0.205715	-0.266453	-0.331451	0.428123	0.84076	0	0	0	0	0	0	0.519245	-0.195127	0.038502	0.395528	0.718832	0.599986	0.351123	-0.63914	0.769029	-0.00529	-0.274088	-0.221381	0.935804	-0	-1e-06	-1e-06	0	0	0	0.534508
0.150734	0.015502	0.418261	-0.058513	0.879471	-0.472389	-0.941607	-0.205732	-0.266501	-0.331501	0.428117	0.840743	1.3e-05	0.009617	-0.009939	0.035763	-0.011285	0.019107	0.519052	-0.195127	0.038502	0.395528	0.718832	0.599986	0.351123	-0.63914	0.769029	-0.00529	-0.274088	-0.221381	0.935804	-0	-0	-0	0	0	0	0.534284
0.150728	0.015534	0.418277	-0.058451	0.879474	-0.472392	-0.941609	-0.205682	-0.266531	-0.331505	0.428135	0.840733	0.000194	0.001745	0.00083	0.001095	-0.010658	0.026754	0.517128	-0.195126	0.03851	0.395531	0.718847	0.599973	0.351115	-0.639125	0.769041	-0.005285	-0.274082	-0.221374	0.935807	1e-06	1e-05	5e-06	0	0	0	0.534493
0.150736	0.015475	0.418324	-0.058563	0.879478	-0.472371	-0.941666	-0.205688	-0.266326	-0.331324	0.428124	0.840809	-2.9e-05	-0.000264	-0.000126	0	0	0	0.519478	-0.195127	0.038502	0.395528	0.718832	0.599986	0.351123	-0.63914	0.769029	-0.00529	-0.274088	-0.221381	0.935804	-0	-2e-06	-1e-06	0	0	0	0.534642
0.150729	0.015404	0.418302	-0.058752	0.879473	-0.472356	-0.941666	-0.205828	-0.266215	-0.331289	0.428067	0.840853	-0.012411	-0.000897	0	-0.000984	0.014715	-0.029553	0.519992	-0.195126	0.03851	0.395531	0.718847	0.599973	0.351115	-0.639125	0.769041	-0.005285	-0.274082	-0.221374	0.935807	2.7e-05	0.000433	0.000205	0	0	0	0.534502
0.150726	0.015387	0.418272	-0.058805	0.879469	-0.472357	-0.941647	-0.205895	-0.266233	-0.331335	0.428044	0.840846	-0.000202	-0.001822	-0.000867	0	0	0	0.520531	-0.195126	0.03851	0.395531	0.718847	0.599973	0.351115	-0.639125	0.769041	-0.005285	-0.274082	-0.221374	0.935807	0	6e-06	3e-06	0	0	0	0.534456
0.150732	0.015377	0.418245	-0.064019	0.879102	-0.472363	-0.940393	-0.211497	-0.266273	-0.333913	0.426067	0.840831	-1.2e-05	-0.000108	-5.1e-05	2.602972	1.545099	-4.831513	0.520943	-0.195127	0.038502	0.395528	0.718832	0.599986	0.351123	-0.63914	0.769029	-0.00529	-0.274088	-0.221381	0.935804	-0	-0	-0	0	0	0	0.53453
0.150791	0.015376	0.418286	-0.063702	0.879113	-0.472385	-0.940443	-0.211198	-0.266333	-0.333832	0.426192	0.840799	9e-05	0.000815	0.000388	0	0	-0	0.520492	-0.195126	0.03851	0.395531	0.718847	0.599973	0.351115	-0.639125	0.769041	-0.005285	-0.274082	-0.221374	0.935807	2.7e-05	0.000433	0.000205	0	0	0	0.534683
0.150802	0.015376	0.418308	-0.063667	0.879116	-0.472385	-0.940462	-0.211146	-0.266306	-0.333785	0.426211	0.840808	6.5e-05	0.000591	0.000281	0	0	-0	0.52115	-0.195127	0.038502	0.395528	0.718832	0.599986	0.351123	-0.63914	0.769029	-0.00529	-0.274088	-0.221381	0.935804	-2.2e-05	-0.000363	-0.000171	0	0	0	0.534798
0.150778	0.015404	0.418343	-0.063666	0.879121	-0.472375	-0.94048	-0.21112	-0.266264	-0.333735	0.426214	0.840827	0.000122	0.010605	-0.00947	0.035764	-0.011274	0.019112	0.519888	-0.195127	0.038502	0.395528	0.718832	0.599986	0.351123	-0.63914	0.769029	-0.00529	-0.274088	-0.221381	0.935804	-0	-0	-0	0	0	0	0.534392
0.150715	0.015395	0.418374	-0.063865	0.879124	-0.472343	-0.940497	-0.21124	-0.266109	-0.333649	0.426148	0.840894	0	2e-06	1e-06	0	0	0	0.520118	-0.195127	0.038502	0.395528	0.718832	0.599986	0.351123	-0.63914	0.769029	-0.00529	-0.274088	-0.221381	0.935804	-0	-0	-0	0	0	0	0.534862
0.150677	0.015396	0.418354	-0.063973	0.879121	-0.472333	-0.940475	-0.211349	-0.266103	-0.333693	0.4261	0.840901	-2e-06	-2.1e-05	-1e-05	0	0	0	0.519813	-0.195127	0.038502	0.395528	0.718832	0.599986	0.351123	-0.63914	0.769029	-0.00529	-0.274088	-0.221381	0.935804	-0	-6e-06	-3e-06	0	0	0	0.534669
0.150685	0.015388	0.41835	-0.063971	0.87912	-0.472335	-0.940475	-0.211347	-0.266104	-0.333693	0.426103	0.8409	-4e-06	-3.2e-05	-1.5e-05	0	0	0	0.520288	-0.195127	0.038502	0.395528	0.718832	0.599986	0.351123	-0.63914	0.769029	-0.00529	-0.274088	-0.221381	0.935804	-0	-0	-0	0	0	0	0.534387
0.150722	0.015385	0.418347	-0.063872	0.87912	-0.472349	-0.940479	-0.211271	-0.266148	-0.333699	0.426141	0.840878	-0	-0	-0	0	0	0	0.520145	-0.195127	0.038502	0.395528	0.718832	0.599986	0.351123	-0.63914	0.769029	-0.00529	-0.274088	-0.221381	0.935804	-0	-0	-0	0	0	0	0.5347
0.150793	0.015363	0.418334	-0.063719	0.879118	-0.472373	-0.940487	-0.211152	-0.266217	-0.333707	0.426204	0.840843	-2.1e-05	-0.000192	-9.1e-05	0	0	0	0.520544	-0.195127	0.038502	0.395528	0.718832	0.599986	0.351123	-0.63914	0.769029	-0.00529	-0.274088	-0.221381	0.935804	-0	-0	-0	0	0	0	0.534523
0.150811	0.015361	0.418322	-0.063675	0.879117	-0.472382	-0.94048	-0.21113	-0.266258	-0.333735	0.426217	0.840825	-4.1e-05	-0.000369	-0.000176	0	0	0	0.520075	-0.195127	0.038502	0.395528	0.718832	0.599986	0.351123	-0.63914	0.769029	-0.00529	-0.274088	-0.221381	0.935804	-0	-0	-0	0	0	0	0.534553
0.150781	0.01534	0.418313	-0.063814	0.879114	-0.472367	-0.940473	-0.211239	-0.266194	-0.333726	0.426168	0.840853	-0.000113	-0.001017	-0.000484	0	0	0	0.520866	-0.195127	0.038502	0.395528	0.718832	0.599986	0.351123	-0.63914	0.769029	-0.00529	-0.274088	-0.221381	0.935804	-0	-0	-0	0	0	0	0.534834
0.150761	0.015318	0.418314	-0.063773	0.879119	-0.472364	-0.940484	-0.211194	-0.266193	-0.333704	0.426181	0.840856	-2.2e-05	-0.000195	-9.3e-05	0	0	0	0.520762	-0.195127	0.038502	0.395528	0.718832	0.599986	0.351123	-0.63914	0.769029	-0.00529	-0.274088	-0.221381	0.935804	-0	-0	-0	0	0	0	0.534713
0.150761	0.015326	0.418317	-0.063752	0.87912	-0.472365	-0.940485	-0.211177	-0.266203	-0.333706	0.426188	0.840852	8.9e-05	0.010312	-0.00961	0.043323	-0.084767	0.203771	0.520347	-0.195127	0.038502	0.395528	0.718832	0.599986	0.351123	-0.63914	0.769029	-0.00529	-0.274088	-0.221381	0.935804	-0	-0	-0	0	0	0	0.534537
0.150753	0.015342	0.418315	-0.063738	0.87912	-0.472367	-0.940477	-0.211177	-0.266231	-0.333731	0.426187	0.840842	2e-06	2e-05	9e-06	0	0	0	0.520741	-0.195127	0.038502	0.395528	0.718832	0.599986	0.351123	-0.63914	0.769029	-0.00529	-0.274088	-0.221381	0.935804	-0	-0	-0	0	0	0	0.534606
0.150771	0.015325	0.418317	-0.063727	0.87912	-0.472369	-0.940486	-0.211157	-0.266214	-0.333707	0.426197	0.840846	-4e-06	-3.2e-05	-1.5e-05	0	0	0	0.52118	-0.195127	0.038502	0.395528	0.718832	0.599986	0.351123	-0.63914	0.769029	-0.00529	-0.274088	-0.221381	0.935804	-0	-0	-0	0	0	0	0.534593
0.150778	0.015316	0.418301	-0.063729	0.879118	-0.472373	-0.940477	-0.211172	-0.266234	-0.333732	0.426195	0.840838	-0.000105	-0.000952	-0.000453	0	0	0	0.521215	-0.195127	0.038502	0.395528	0.718832	0.599986	0.351123	-0.63914	0.769029	-0.00529	-0.274088	-0.221381	0.935804	-0	-0	-0	0	0	0	0.534455
0.150778	0.015316	0.418301	-0.063729	0.879118	-0.472373	-0.940477	-0.211172	-0.266234	-0.333732	0.426195	0.840838	-2e-06	-1.4e-05	-7e-06	0	0	0	0.521246	-0.195127	0.038502	0.395528	0.718832	0.599986	0.351123	-0.63914	0.769029	-0.00529	-0.274088	-0.221381	0.935804	0	0	0	0	0	0	0.534549
0.150795	0.015321	0.418281	-0.063669	0.879115	-0.472385	-0.940462	-0.211148	-0.266305	-0.333785	0.426211	0.840809	-0	-1e-06	-0	0	0	0	0.521097	-0.195127	0.038502	0.395528	0.718832	0.599986	0.351123	-0.63914	0.769029	-0.00529	-0.274088	-0.221381	0.935804	0	0	0	0	0	0	0.535094
0.150815	0.01532	0.418291	-0.063615	0.879117	-0.472389	-0.940474	-0.211094	-0.266308	-0.333763	0.426235	0.840805	0	3e-06	1e-06	0	0	0	0.5211	-0.195127	0.038502	0.395528	0.718832	0.599986	0.351123	-0.63914	0.769029	-0.00529	-0.274088	-0.221381	0.935804	0	0	0	0	0	0	0.534702
0.150825	0.015335	0.418287	-0.063553	0.879117	-0.472397	-0.940468	-0.211056	-0.266358	-0.333792	0.426253	0.840784	1.1e-05	0.0001	4.8e-05	0	0	0	0.520967	-0.195127	0.038502	0.395528	0.718832	0.599986	0.351123	-0.63914	0.769029	-0.00529	-0.274088	-0.221381	0.935804	0	0	0	0	0	0	0.534763
0.150816	0.015336	0.418299	-0.063572	0.879119	-0.472392	-0.940476	-0.211059	-0.266328	-0.333766	0.426249	0.840797	2.9e-05	0.000265	0.000126	0	0	0	0.521311	-0.195127	0.038502	0.395528	0.718832	0.599986	0.351123	-0.63914	0.769029	-0.00529	-0.274088	-0.221381	0.935804	0	0	0	0	0	0	0.534712
0.150811	0.015347	0.418337	-0.063708	0.879118	-0.472375	-0.940496	-0.211132	-0.266199	-0.333683	0.426214	0.840847	0.000103	0.000934	0.000444	-0.007557	0.073488	-0.184661	0.521212	-0.195127	0.038502	0.395528	0.718832	0.599986	0.351123	-0.63914	0.769029	-0.00529	-0.274088	-0.221381	0.935804	0	0	0	0	0	0	0.53461
