0.150449	0.018683	0.429907	-0.561087	0.783334	-0.267612	-0.745607	-0.618618	-0.247697	-0.358888	0.059575	0.931492	-1e-06	-6e-06	-3e-06	0	0	0	0.520272	-0.193226	0.045704	0.395333	0.489964	0.794076	0.35968	-0.852129	0.523235	0.005948	-0.184074	-0.310413	0.932536	0.001358	-0.015726	0.020365	-0.002089	-0.124024	-0.11521	0.10478
0.15045	0.018691	0.429911	-0.561069	0.783346	-0.267614	-0.745619	-0.618602	-0.247704	-0.358893	0.05958	0.93149	4e-06	3.8e-05	1.6e-05	0	0	0	0.520256	-0.193321	0.045441	0.395727	0.487806	0.798336	0.353123	-0.853706	0.520685	0.00248	-0.182482	-0.303684	0.935061	0.001415	-0.014676	0.020851	0.19495	-0.541753	-0.308117	0.105052
0.15045	0.018691	0.429911	-0.561069	0.783346	-0.267614	-0.745619	-0.618602	-0.247704	-0.358893	0.05958	0.93149	0	0	0	0	0	0	0.520065	-0.193611	0.04499	0.396476	0.485379	0.80261	0.346721	-0.855599	0.517576	-2.1e-05	-0.180064	-0.29766	0.937464	0.001463	-0.013791	0.021272	-0.031165	-0.136815	0.136506	0.105084
0.150459	0.018697	0.429903	-0.561035	0.783367	-0.267623	-0.745629	-0.618575	-0.247739	-0.358924	0.059578	0.931478	0.01194	-0.000953	-0.000872	0.000984	-0.014715	0.029553	0.520558	-0.194011	0.044831	0.396972	0.482859	0.805776	0.342876	-0.857285	0.514774	-0.00213	-0.17881	-0.293934	0.938879	-0.022254	-0.00411	0.013537	-0.020212	-0.000796	-0.099112	0.102468
0.15045	0.018698	0.429903	-0.561055	0.783354	-0.267618	-0.745617	-0.618592	-0.247732	-0.358917	0.05957	0.931481	0	0	0	0	0	0	0.519901	-0.194226	0.044854	0.397111	0.482159	0.806037	0.343246	-0.857699	0.514082	-0.002061	-0.178707	-0.294429	0.938743	-0.011309	0.004509	0.00284	-0.001749	0.014586	-0.029577	0.097288
0.15045	0.018712	0.429888	-0.561028	0.783371	-0.267626	-0.745614	-0.618573	-0.24779	-0.358966	0.059549	0.931463	0	0	0	0	0	0	0.519695	-0.194624	0.045008	0.39722	0.480504	0.806669	0.344082	-0.858565	0.512634	-0.00252	-0.179008	-0.295227	0.938435	-0.011423	0.002398	0.001896	-0.002044	0.015205	-0.029245	0.075341
0.150451	0.018797	0.429807	-0.560859	0.783476	-0.267672	-0.745608	-0.61845	-0.248114	-0.359242	0.059442	0.931364	1e-06	6e-06	3e-06	0	0	0	0.519716	-0.19501	0.044975	0.397202	0.477444	0.807422	0.346568	-0.859593	0.510883	-0.0057	-0.182242	-0.296208	0.937503	-0.011809	-0.004054	-0.000982	-0.003853	0.028092	-0.054956	0.045757
0.150458	0.019011	0.429537	-0.560548	0.783657	-0.267793	-0.745457	-0.618259	-0.249041	-0.360037	0.05905	0.931082	-3.5e-05	0.00913	-0.01027	0.035812	-0.01089	0.019244	0.515572	-0.195252	0.0447	0.397096	0.481441	0.803755	0.349548	-0.856888	0.515417	-0.004614	-0.18446	-0.29832	0.936399	-0.000581	-0.009568	-0.004282	0.013071	0.014314	0.017081	-0.006683
0.150458	0.019173	0.429362	-0.560232	0.783852	-0.267885	-0.745421	-0.618035	-0.249705	-0.360604	0.058815	0.930878	-7e-06	0.009382	-0.010159	0.035811	-0.010903	0.019239	0.510813	-0.195326	0.044501	0.397001	0.485584	0.801128	0.349847	-0.854137	0.519963	-0.004821	-0.186363	-0.297491	0.936286	-0.012279	-0.011391	-0.004281	-0.00374	0.028119	-0.054601	-0.035605
0.15045	0.019598	0.428917	-0.55917	0.783602	-0.270818	-0.745127	-0.618151	-0.250293	-0.362848	0.060858	0.929874	5e-05	0.019319	-0.020064	0.07147	-0.02229	0.038303	0.499667	-0.195403	0.043996	0.396736	0.492853	0.795788	0.351868	-0.848497	0.529081	-0.007777	-0.192958	-0.295734	0.935506	-0.001361	-0.003442	-0.015318	0.034632	0.001636	-0.007732	-0.12069
0.15045	0.020119	0.428343	-0.5579	0.783465	-0.273816	-0.74479	-0.618133	-0.251338	-0.365482	0.062735	0.928717	-1.6e-05	0.009281	-0.010184	0.016905	-0.065385	-0.000419	0.486627	-0.195378	0.043466	0.39645	0.510618	0.784301	0.352324	-0.836238	0.548245	-0.008165	-0.200189	-0.291452	0.935331	-0.000841	-0.013699	-0.006216	0.173433	0.008832	0.439514	-0.220859
0.150457	0.02042	0.427994	-0.557037	0.783068	-0.276694	-0.744502	-0.618408	-0.251516	-0.367378	0.064917	0.927818	-3.9e-05	0.018503	-0.020382	-0.010085	-0.257643	-0.046946	0.479887	-0.195395	0.043226	0.39632	0.514702	0.781506	0.352593	-0.833279	0.55273	-0.008383	-0.20207	-0.290484	0.935227	-0.000763	-0.012403	-0.005643	-0.001808	0.012895	-0.025706	-0.267258
0.150485	0.021116	0.427113	-0.555359	0.783145	-0.279833	-0.744021	-0.61815	-0.253564	-0.370872	0.066404	0.926321	-0.000354	0.025079	-0.031677	0.100284	-0.053758	0.050017	0.465787	-0.195433	0.042928	0.39605	0.513824	0.781896	0.353008	-0.833709	0.552071	-0.008975	-0.202532	-0.290685	0.935065	-0.000634	-0.010284	-0.004698	-0.001808	0.012903	-0.025703	-0.347764
0.150511	0.022065	0.425822	-0.552656	0.781899	-0.288531	-0.742902	-0.61902	-0.254721	-0.377092	0.0726	0.92334	-0.0006	0.032253	-0.042663	0.10935	-0.129442	0.014426	0.45636	-0.195457	0.042835	0.395675	0.51798	0.779066	0.353191	-0.830525	0.556834	-0.00991	-0.205024	-0.289188	0.934986	-0.000497	-0.008047	-0.003689	1.950115	-0.041843	5.141532	-0.417674
0.150508	0.022593	0.425085	-0.551372	0.781682	-0.291563	-0.742348	-0.619099	-0.256141	-0.380048	0.074235	0.921998	-0.000657	0.03171	-0.042851	0.131155	-0.079788	0.063441	0.449384	-0.195482	0.042848	0.395475	0.517769	0.779172	0.353267	-0.830541	0.556799	-0.01047	-0.205491	-0.288969	0.934951	-0.000981	0.002812	-0.012548	0.034594	0.00165	-0.007827	-0.452501
0.150474	0.023816	0.423283	-0.552354	0.776571	-0.303129	-0.736996	-0.624773	-0.257814	-0.388917	0.080029	0.917805	-0.001058	0.037426	-0.054382	0.036257	-0.463093	-0.090085	0.437717	-0.195521	0.042913	0.394975	0.517547	0.779303	0.353304	-0.830402	0.55698	-0.011802	-0.206614	-0.288265	0.934921	-0.001019	0.002198	-0.012834	0.036398	-0.011316	0.017845	-0.536977
0.150416	0.025214	0.421076	-0.548843	0.775498	-0.312122	-0.735024	-0.625469	-0.261725	-0.397514	0.084802	0.913684	-0.001478	0.033561	-0.055903	0.132003	-0.182288	0.015622	0.432794	-0.195562	0.043128	0.394315	0.517451	0.779393	0.353247	-0.830074	0.557428	-0.013639	-0.208173	-0.287152	0.934918	-0.001545	0.012341	-0.021998	0.070991	-0.009689	0.010007	-0.608025
0.150346	0.026681	0.41864	-0.544682	0.773614	-0.323866	-0.732653	-0.626791	-0.265186	-0.407477	0.091872	0.908597	-0.001816	0.039763	-0.067116	0.124023	-0.312481	-0.044885	0.420896	-0.195586	0.043641	0.393335	0.517732	0.778181	0.3555	-0.82918	0.558717	-0.01512	-0.211024	-0.287932	0.934038	-0.002263	0.019354	-0.032574	-0.094678	0.478742	0.074125	-0.699489
0.150311	0.027467	0.417305	-0.543366	0.772407	-0.328915	-0.732109	-0.627649	-0.264659	-0.410199	0.096029	0.906941	-0.001837	0.039508	-0.067125	0.110092	-0.370269	-0.038482	0.41664	-0.195594	0.043977	0.392709	0.518413	0.776759	0.357611	-0.828276	0.560049	-0.015433	-0.212902	-0.289184	0.933225	-0.002335	0.018171	-0.033102	-0.011923	0.235955	0.168474	-0.751332
0.150231	0.029118	0.414403	-0.546709	0.76603	-0.338161	-0.727395	-0.634459	-0.261399	-0.414115	0.10211	0.904494	-0.002236	0.045097	-0.078501	-2.302108	0.773184	-0.631089	0.408495	-0.195636	0.044724	0.39135	0.520317	0.773665	0.36153	-0.826065	0.563283	-0.016214	-0.216825	-0.291191	0.931696	-0.002919	0.027273	-0.042649	0.114129	0.040071	0.052888	-0.842434
0.150112	0.030845	0.41126	-0.547449	0.760594	-0.349058	-0.72578	-0.639107	-0.254473	-0.415962	0.113078	0.902339	-0.002687	0.040927	-0.08011	0.10203	-0.421536	-0.115077	0.403431	-0.195672	0.045476	0.389838	0.528792	0.762896	0.371969	-0.818817	0.573858	-0.012622	-0.223735	-0.298867	0.927623	-0.002668	0.012712	-0.035585	-0.166386	0.581825	0.344437	-0.957096
0.150016	0.031703	0.409622	-0.550215	0.757188	-0.352102	-0.724971	-0.642332	-0.248592	-0.41372	0.117538	0.9028	-0.014657	0.049989	-0.089527	0.13403	-0.163308	-0.255621	0.401624	-0.195729	0.045812	0.389051	0.530201	0.759858	0.376158	-0.817216	0.576156	-0.011677	-0.226248	-0.302174	0.925941	-0.002758	0.01125	-0.036267	-0.032464	0.285264	0.167037	-1.013178
0.149693	0.033408	0.406301	-0.560825	0.744887	-0.361474	-0.720593	-0.654077	-0.23	-0.407065	0.130554	0.904036	-0.002872	0.03907	-0.080606	-0.034892	-0.556768	-0.42251	0.397512	-0.195853	0.046481	0.387445	0.535747	0.751673	0.384648	-0.812908	0.582311	-0.005405	-0.228705	-0.31074	0.922496	-0.003264	0.021571	-0.045202	0.03354	0.208455	0.149571	-1.102508
0.149279	0.034993	0.403201	-0.57471	0.729499	-0.370925	-0.711694	-0.669212	-0.213587	-0.403331	0.140323	0.904246	-0.014479	0.042014	-0.078612	-0.060712	-0.481566	-0.651113	0.392906	-0.195962	0.047085	0.38584	0.544307	0.74027	0.394616	-0.805171	0.592985	-0.001503	-0.235781	-0.317853	0.918281	-0.002781	0.010864	-0.036435	-0.021045	0.256504	0.154272	-1.198903
0.148816	0.036426	0.400347	-0.586091	0.712989	-0.384954	-0.700171	-0.684698	-0.202288	-0.407084	0.150083	0.900991	-0.002696	0.031294	-0.069793	0.060755	-0.237786	-0.498377	0.393065	-0.196129	0.047616	0.384412	0.54807	0.733857	0.401329	-0.802029	0.59722	0.00351	-0.237778	-0.32473	0.915355	-0.002627	0.013298	-0.035252	-0.043061	0.301206	0.181705	-1.247529
0.148572	0.037045	0.39905	-0.58537	0.708474	-0.394274	-0.698516	-0.687506	-0.198448	-0.410939	0.158355	0.897819	-0.014466	0.032943	-0.068538	0.075129	-0.277601	-0.335636	0.393758	-0.196178	0.047898	0.383726	0.550129	0.732125	0.401676	-0.800857	0.598773	0.005757	-0.236972	-0.325779	0.915191	-0.002577	0.014074	-0.034867	-0.015299	0.242756	0.148468	-1.264207
0.148028	0.038182	0.396404	-0.59105	0.690081	-0.417726	-0.686907	-0.702009	-0.187922	-0.422199	0.175004	0.889465	-0.014621	0.031668	-0.069045	0.020528	-0.404032	-0.399663	0.395333	-0.196234	0.048511	0.382437	0.552679	0.728869	0.404088	-0.79878	0.601518	0.00781	-0.238052	-0.328017	0.914112	-0.0023	0.018373	-0.032737	-0.094991	0.396516	0.273646	-1.327707
0.147334	0.039124	0.394032	-0.589573	0.676233	-0.441767	-0.684224	-0.708718	-0.171836	-0.428563	0.200111	0.881088	-0.014699	0.022225	-0.059427	-2.646128	-1.789669	4.227708	0.395739	-0.196345	0.049217	0.38121	0.559857	0.717497	0.414426	-0.791653	0.610794	0.012268	-0.245014	-0.335859	0.909412	-0.002133	0.020929	-0.031436	-0.062946	0.328882	0.235695	-1.371195
0.146946	0.039551	0.392948	-0.592047	0.666621	-0.452926	-0.678952	-0.715291	-0.165391	-0.433497	0.208762	0.876656	-0.02647	0.024117	-0.058089	-0.203063	-0.804379	-0.664509	0.395459	-0.19643	0.049608	0.380603	0.562306	0.7108	0.422571	-0.788948	0.61417	0.017021	-0.248123	-0.343857	0.905572	-0.002152	0.020594	-0.031575	-0.053154	0.307759	0.224053	-1.375265
0.145993	0.040343	0.3908	-0.58772	0.654828	-0.475217	-0.677891	-0.71912	-0.152652	-0.440974	0.231609	0.867136	-0.026733	0.01358	-0.049111	-0.077049	-0.386937	-0.487287	0.38977	-0.19646	0.0503	0.379502	0.569163	0.693193	0.442187	-0.781927	0.622557	0.030771	-0.254655	-0.364149	0.895773	-0.001724	0.009201	-0.023266	-0.337916	0.835085	0.484621	-1.377698
0.144803	0.041005	0.388807	-0.579845	0.643053	-0.500308	-0.679132	-0.720661	-0.139285	-0.449405	0.258207	0.855214	-0.02681	0.013519	-0.049181	-0.213187	-0.816581	-0.454095	0.384756	-0.196481	0.050849	0.378446	0.573579	0.674918	0.464204	-0.774844	0.630801	0.040522	-0.266175	-0.383782	0.884153	-0.001726	0.009145	-0.02328	0.256618	1.282922	0.168392	-1.379273
0.143348	0.041476	0.386917	-0.566604	0.632155	-0.528569	-0.680212	-0.720824	-0.133027	-0.464401	0.283375	0.839081	-0.039189	0.01177	-0.04974	-0.224452	-0.838466	-0.558094	0.383613	-0.196539	0.05115	0.377541	0.576618	0.657016	0.485626	-0.767273	0.639623	0.045911	-0.281161	-0.399912	0.872285	-0.001861	0.00705	-0.024329	-0.127294	0.322702	0.410163	-1.376936
0.142491	0.041629	0.386009	-0.560918	0.624741	-0.543245	-0.67648	-0.724088	-0.134324	-0.476584	0.291368	0.829457	-0.039375	0.01097	-0.050202	-0.224258	-0.815567	-0.527031	0.383875	-0.196528	0.051163	0.377137	0.577226	0.64847	0.496274	-0.763372	0.644246	0.046303	-0.290404	-0.406389	0.866243	0.010139	-0.006078	-0.017817	-0.110528	0.136644	0.573382	-1.375558
0.140523	0.041794	0.384089	-0.533553	0.611949	-0.583854	-0.67017	-0.726956	-0.149595	-0.515324	0.310699	0.798708	-0.052525	0.005063	-0.053025	0.382985	-1.536955	0.278666	0.376344	-0.196433	0.050889	0.376211	0.575466	0.63276	0.518116	-0.755801	0.653423	0.041675	-0.312884	-0.416375	0.85358	0.00961	-0.014644	-0.022225	0.080751	0.226861	0.400398	-1.376992
0.138286	0.041799	0.381912	-0.486804	0.601877	-0.633097	-0.670846	-0.721736	-0.170398	-0.558888	0.341007	0.7559	-0.054249	-0.00412	-0.058128	0.276827	-2.13913	0.628062	0.365016	-0.196177	0.050424	0.375024	0.572853	0.616224	0.540463	-0.747321	0.663444	0.035877	-0.33716	-0.42523	0.839861	0.008813	-0.009684	-0.033847	1.594784	2.059991	-0.564135	-1.3987
0.137053	0.041763	0.38071	-0.463785	0.591429	-0.659667	-0.660937	-0.726755	-0.186979	-0.589431	0.34854	0.728778	-0.066945	-0.005948	-0.058959	2.867835	-2.611177	0.70865	0.354454	-0.196002	0.050266	0.374273	0.573482	0.601398	0.556264	-0.738076	0.673881	0.032569	-0.35597	-0.430003	0.829605	0.008727	-0.011422	-0.034832	-0.131333	0.665354	0.653953	-1.400115
0.134359	0.041662	0.378031	-0.433013	0.548349	-0.715443	-0.611336	-0.761868	-0.214002	-0.661889	0.344024	0.666016	-0.068098	-0.001284	-0.071465	1.013072	-1.729682	-0.476389	0.339565	-0.195633	0.050074	0.372617	0.564133	0.572116	0.595339	-0.726153	0.686907	0.02817	-0.393515	-0.448922	0.802171	0.008086	-0.004102	-0.045293	1.362054	2.455413	-0.459437	-1.400219
0.131305	0.041693	0.375313	-0.414215	0.497919	-0.761937	-0.546749	-0.805323	-0.229109	-0.727175	0.321064	0.606763	-0.08083	5.9e-05	-0.071012	0.314076	-1.995368	0.237025	0.321867	-0.195195	0.049531	0.37076	0.548441	0.545273	0.633941	-0.719365	0.694116	0.025493	-0.426796	-0.470704	0.772105	0.007348	-0.017167	-0.052517	-0.213266	0.972805	0.334314	-1.400173
0.127786	0.041555	0.372518	-0.393468	0.440647	-0.806882	-0.462611	-0.853307	-0.240479	-0.794001	0.278099	0.540602	-0.095363	-0.014805	-0.065226	4.525897	-0.631499	-2.774003	0.313811	-0.194612	0.048622	0.368595	0.525164	0.529681	0.666057	-0.722023	0.691546	0.019512	-0.450911	-0.491823	0.744749	0.018892	-0.024669	-0.057927	0.159768	1.427424	-0.347798	-1.399867
0.125834	0.041372	0.371152	-0.37549	0.418113	-0.827185	-0.429476	-0.869328	-0.244523	-0.820872	0.262915	0.507023	-0.107854	-0.00428	-0.074123	0.426346	-1.888673	-0.017485	0.302648	-0.194206	0.048162	0.367341	0.51365	0.525139	0.678517	-0.725608	0.687847	0.017109	-0.458354	-0.501787	0.733475	0.018718	-0.029416	-0.060874	-0.284171	1.004707	-0.135064	-1.400277
0.12153	0.040782	0.368454	-0.334129	0.377376	-0.863707	-0.368248	-0.895753	-0.24898	-0.867219	0.234391	0.43934	-0.110151	-0.016606	-0.067629	0.176701	-1.812009	0.030333	0.286825	-0.193154	0.047127	0.364546	0.486468	0.51405	0.706465	-0.727204	0.686371	0.001483	-0.484723	-0.515113	0.7068	0.030113	-0.024807	-0.074384	-0.216579	0.988217	-0.112345	-1.399937
0.11715	0.040144	0.365851	-0.30113	0.328815	-0.895124	-0.27873	-0.927999	-0.247182	-0.911583	0.174649	0.372212	-0.123941	-0.015024	-0.067694	5.16404	-0.663423	-2.460199	0.252959	-0.191872	0.045886	0.361624	0.457551	0.498242	0.736474	-0.724306	0.689242	-0.016141	-0.516201	-0.526674	0.675288	0.042175	-0.032433	-0.080641	-0.282378	1.239401	-0.164224	-1.40002
0.114893	0.039806	0.364542	-0.285244	0.303797	-0.909059	-0.225986	-0.942988	-0.244284	-0.931096	0.13537	0.338766	-0.112392	-0.016556	-0.069482	5.273152	-0.413622	-2.310525	0.226664	-0.191082	0.045181	0.360037	0.438212	0.494462	0.750646	-0.728985	0.68403	-0.024862	-0.526283	-0.536936	0.659234	0.042315	-0.035388	-0.083011	-0.169961	1.096438	-0.486336	-1.399473
0.110242	0.039033	0.361997	-0.240552	0.258655	-0.935563	-0.133098	-0.9635	-0.232213	-0.961184	0.068333	0.267362	-0.113155	-0.013007	-0.068616	0.298268	-1.702815	-0.133262	0.200626	-0.189146	0.043966	0.356551	0.403914	0.4853	0.775454	-0.736904	0.674859	-0.038362	-0.54242	-0.556549	0.629203	0.05453	-0.025703	-0.094188	-0.119719	1.026525	-0.227004	-1.39971
0.105808	0.038311	0.359578	-0.195146	0.21939	-0.955945	-0.031811	-0.975538	-0.217449	-0.980029	-0.012304	0.19854	-0.115038	-0.021727	-0.060187	1.778731	-1.282709	-0.679542	0.187839	-0.186717	0.043196	0.352679	0.379539	0.472756	0.795263	-0.741035	0.669944	-0.044455	-0.554248	-0.573038	0.603573	0.067092	-0.011097	-0.102298	-0.097745	1.026655	0.081517	-1.400189
0.101399	0.037661	0.357294	-0.151631	0.189229	-0.970178	0.075925	-0.97635	-0.202354	-0.98534	-0.104587	0.134884	-0.114677	-0.014647	-0.056776	1.810109	-1.41309	-0.834374	0.213953	-0.184077	0.043047	0.348765	0.364722	0.456642	0.811449	-0.740457	0.670586	-0.044416	-0.564858	-0.585215	0.581655	0.068064	-0.002658	-0.098024	-0.058871	0.873757	0.260274	-1.400438
0.099248	0.037328	0.35627	-0.133919	0.180763	-0.97439	0.120101	-0.972992	-0.197065	-0.983532	-0.143648	0.109804	-0.102874	-0.024156	-0.048094	1.785747	-0.795387	-0.370458	0.224612	-0.182622	0.04325	0.346764	0.360481	0.44999	0.81704	-0.73879	0.672432	-0.04425	-0.569741	-0.588233	0.573795	0.067835	0.014244	-0.102666	0.148006	0.388132	-0.042144	-1.400294
0.094994	0.036577	0.354473	-0.098977	0.16659	-0.981069	0.189855	-0.964592	-0.183	-0.976697	-0.204588	0.065065	-0.101814	-0.015903	-0.043483	0.167612	-0.849614	-0.253742	0.260709	-0.179528	0.044222	0.342827	0.349804	0.434731	0.829842	-0.741549	0.669764	-0.038147	-0.572793	-0.602568	0.555592	0.080863	0.026598	-0.095959	0.146491	0.379195	0.029584	-1.400422
0.091313	0.03594	0.353151	-0.076843	0.159559	-0.984216	0.22777	-0.958177	-0.173174	-0.970591	-0.237688	0.03851	-0.087685	-0.017133	-0.02904	0.217716	-0.565721	-0.012533	0.29004	-0.176469	0.045752	0.339114	0.331553	0.4282	0.84066	-0.762848	0.64592	-0.028005	-0.555379	-0.632544	0.539727	0.081163	0.037432	-0.08892	-5.762356	-1.132947	-0.804005	-1.396534
0.089607	0.035701	0.352639	-0.070527	0.15602	-0.985256	0.246071	-0.954424	-0.168806	-0.966603	-0.25455	0.030146	-0.086109	-0.01079	-0.024802	0.216061	-0.439623	-0.166942	0.290847	-0.174916	0.046539	0.337337	0.323163	0.425371	0.84535	-0.775061	0.631474	-0.021322	-0.543264	-0.648837	0.532671	0.081224	0.037211	-0.089182	-0.096719	0.575362	0.212578	-1.387604
0.086553	0.03516	0.35202	-0.064198	0.14965	-0.986676	0.304061	-0.938725	-0.162215	-0.950414	-0.310618	0.015988	-0.072082	-0.014264	-0.011377	0.084666	-0.409942	-0.322513	0.311573	-0.171743	0.047861	0.333876	0.308541	0.426214	0.850374	-0.802975	0.595914	-0.007198	-0.510177	-0.681137	0.525009	0.082285	0.023959	-0.083238	-0.109929	0.207615	0.121077	-1.375236
0.083931	0.034568	0.35188	-0.057907	0.139972	-0.988483	0.310185	-0.938571	-0.151129	-0.948846	-0.315547	0.012162	-0.070174	-0.014274	0.004614	-0.033702	0.052839	-0.221911	0.358171	-0.168678	0.048965	0.330479	0.303711	0.422035	0.854188	-0.816152	0.57776	0.004863	-0.491818	-0.699146	0.518818	0.08165	0.035849	-0.090841	0.187941	0.263121	-0.010647	-1.375997
0.081655	0.034306	0.352015	-0.056185	0.129499	-0.990009	0.326957	-0.93447	-0.140843	-0.943305	-0.331773	0.011394	-0.055125	-0.009131	0.008524	1.604469	0.315489	-0.183915	0.385175	-0.165686	0.04995	0.327162	0.304308	0.417087	0.856403	-0.830687	0.556142	0.02445	-0.46644	-0.719359	0.514606	0.082879	0.024715	-0.083676	-1.041934	-1.292805	2.196981	-1.376827
0.080652	0.034229	0.352172	-0.054781	0.123264	-0.990883	0.354696	-0.925204	-0.134757	-0.933313	-0.359006	0.008194	-0.05407	-0.005797	0.010942	1.632057	0.149795	-0.276534	0.397825	-0.164135	0.05045	0.325473	0.301182	0.41862	0.856761	-0.840221	0.541295	0.031021	-0.451126	-0.729728	0.513659	0.083027	0.025267	-0.08355	-0.244959	0.026025	0.003541	-1.37742
0.078987	0.034077	0.352541	-0.046511	0.110738	-0.992784	0.420272	-0.899404	-0.120065	-0.906152	-0.42297	-0.003473	-0.040267	-0.00504	0.011744	5.496246	0.27943	-0.363018	0.415354	-0.161253	0.05137	0.32235	0.292552	0.418134	0.859982	-0.861129	0.506145	0.046981	-0.415973	-0.754815	0.507035	0.070778	0.025829	-0.082596	-4.607223	-0.146035	-2.532636	-1.375036
0.07753	0.034001	0.35303	-0.023533	0.096193	-0.995107	0.468695	-0.87811	-0.096021	-0.883021	-0.468789	-0.023183	-0.038947	-0.001113	0.014615	0.016937	-0.517564	-0.551061	0.418826	-0.158423	0.052247	0.319191	0.286151	0.415979	0.863174	-0.877902	0.474687	0.062406	-0.384112	-0.776151	0.499911	0.058448	0.026815	-0.081287	-1.325178	0.12947	-0.461793	-1.368461
0.076882	0.034085	0.353212	-0.010549	0.091981	-0.995728	0.484817	-0.870401	-0.085593	-0.874542	-0.483772	-0.034174	-0.02475	0.007442	0.004867	0.049953	-0.535098	-0.407897	0.417635	-0.157142	0.052624	0.31772	0.281741	0.414679	0.865249	-0.886096	0.458258	0.069037	-0.368208	-0.786653	0.495443	0.072288	0.01552	-0.075312	-4.823152	0.042045	-2.21822	-1.363306
0.075725	0.034508	0.35341	0.013008	0.080443	-0.996697	0.516843	-0.8538	-0.062218	-0.856001	-0.514435	-0.051443	-0.024611	0.007795	0.005108	0.178397	-0.417791	-0.33339	0.419463	-0.154476	0.053248	0.31471	0.273029	0.417902	0.86649	-0.899679	0.429746	0.076355	-0.340781	-0.800921	0.492196	0.061443	0.000484	-0.070443	-1.311884	-0.092586	-0.69587	-1.342117
0.074773	0.034925	0.353484	0.037127	0.064828	-0.997228	0.553004	-0.832484	-0.033583	-0.8324	-0.550314	-0.065517	-0.012543	0.003228	0.002053	0.055475	-0.629437	-0.427228	0.419747	-0.151741	0.053505	0.311721	0.269232	0.428666	0.86241	-0.910228	0.405696	0.082639	-0.314766	-0.807763	0.498301	0.074614	0.000368	-0.072602	0.131585	-0.0134	0.082224	-1.344578
0.073999	0.035105	0.353562	0.061978	0.052562	-0.996716	0.592149	-0.805791	-0.005726	-0.803521	-0.589923	-0.079825	-0.025593	0.00508	0.003081	0.045998	-0.587455	-0.673821	0.416478	-0.14919	0.053641	0.308966	0.268705	0.440958	0.856356	-0.919705	0.38153	0.092258	-0.286358	-0.812924	0.506968	0.074797	0.004388	-0.070185	0.15746	-0.152144	0.263382	-1.347382
0.073658	0.035152	0.3536	0.076032	0.047669	-0.995988	0.615619	-0.787973	0.009228	-0.784465	-0.613918	-0.088018	-0.025522	0.005289	0.00323	5.543305	-0.707321	0.001294	0.410359	-0.147922	0.053757	0.307611	0.267376	0.452118	0.850935	-0.927808	0.359066	0.100887	-0.260243	-0.817032	0.514389	0.06222	0.004892	-0.068891	-1.51296	-0.875519	-0.075931	-1.345863
0.073047	0.035283	0.353681	0.107151	0.049163	-0.99305	0.646786	-0.761981	0.032011	-0.755243	-0.64579	-0.11221	-0.025187	0.00621	0.0039	0.540208	-0.924003	-0.58241	0.39669	-0.145409	0.053886	0.304934	0.263452	0.474904	0.839673	-0.941844	0.31467	0.117674	-0.208646	-0.822423	0.529103	0.062646	0.004942	-0.069654	-4.479514	-0.804711	-2.665703	-1.342629
0.072387	0.035299	0.353702	0.133193	0.050187	-0.989842	0.663051	-0.746796	0.051302	-0.736799	-0.663219	-0.131513	-0.014493	-0.001984	-0.001814	0.014742	-0.331103	-0.277003	0.400656	-0.142915	0.05392	0.302287	0.270427	0.495386	0.825502	-0.947456	0.288873	0.137164	-0.170836	-0.819826	0.54641	0.063008	0.005768	-0.069793	0.11167	-0.563961	0.698894	-1.34671
0.072078	0.035253	0.353648	0.144562	0.051875	-0.988159	0.671046	-0.73902	0.05932	-0.727369	-0.671748	-0.140415	-0.01542	-0.00444	-0.003637	0.028535	-0.366196	-0.296297	0.404796	-0.141638	0.053904	0.301035	0.270402	0.502529	0.821181	-0.949749	0.27865	0.142355	-0.157605	-0.819024	0.551564	0.077239	-0.002714	-0.062002	0.132045	-0.286584	0.415401	-1.350883
0.07145	0.035041	0.353404	0.162253	0.052872	-0.985355	0.674044	-0.735205	0.071489	-0.720857	-0.675846	-0.153701	-0.015251	0.003166	-0.014421	0.037692	-0.127657	-0.12411	0.403262	-0.139071	0.053742	0.298637	0.269659	0.510608	0.816428	-0.95219	0.267507	0.147337	-0.143488	-0.817751	0.557277	0.066105	-0.012692	-0.053099	0.104693	-0.259203	0.375392	-1.357307
0.070757	0.034801	0.353002	0.172837	0.060928	-0.983087	0.673231	-0.73583	0.072703	-0.719169	-0.674494	-0.166974	-0.016553	-0.000181	-0.016965	-0.467408	-1.444503	2.223319	0.39501	-0.136592	0.053672	0.296626	0.263476	0.499849	0.82506	-0.951642	0.274474	0.137752	-0.157914	-0.822067	0.54693	0.065595	-0.004752	-0.046669	0.146326	0.159013	-0.060689	-1.360866
0.069755	0.03469	0.352413	0.179468	0.052752	-0.982372	0.623942	-0.778115	0.07215	-0.760814	-0.625965	-0.171338	-0.030209	0.000489	-0.016942	-5.548229	0.448387	-1.067104	0.394027	-0.134097	0.0536	0.295018	0.252931	0.478747	0.840725	-0.952155	0.277008	0.12885	-0.171499	-0.833675	0.524821	0.066471	-0.008198	-0.032914	-0.141478	0.334483	0.362221	-1.366288
0.069181	0.034645	0.352068	0.182453	0.041337	-0.982368	0.58175	-0.809985	0.07391	-0.792875	-0.585037	-0.17061	-0.030902	-0.001182	-0.018255	-5.445535	0.450884	-1.044989	0.395091	-0.132886	0.053509	0.294472	0.248237	0.469348	0.847398	-0.952729	0.27624	0.126228	-0.175132	-0.839247	0.514642	0.065725	-0.001497	-0.026948	-0.13317	0.36284	0.226411	-1.368447
0.068091	0.034576	0.351217	0.184928	0.03992	-0.981964	0.538439	-0.839964	0.0672	-0.822361	-0.541213	-0.175606	-0.030723	0.006632	-0.02902	0.016873	0.02424	-0.093222	0.403965	-0.130587	0.053199	0.29385	0.240284	0.458507	0.855586	-0.954347	0.272464	0.122142	-0.177394	-0.846433	0.501942	0.053406	-0.005691	-0.011873	-0.116312	0.386999	-0.08859	-1.371567
0.06719	0.034337	0.350166	0.190639	0.049753	-0.980422	0.457589	-0.888066	0.043856	-0.868735	-0.457061	-0.190847	-0.02131	-0.011754	-0.026168	-0.654254	-0.3719	0.498879	0.401064	-0.12841	0.053021	0.293727	0.23875	0.45427	0.858271	-0.953814	0.275399	0.119698	-0.182271	-0.847762	0.497936	0.05385	-0.008157	0.003333	-0.046405	0.076808	-0.052302	-1.36702
0.066808	0.034187	0.349605	0.193553	0.05623	-0.9795	0.399943	-0.916144	0.026383	-0.896122	-0.396929	-0.198593	-0.019971	-0.001147	-0.034774	-6.020934	-1.314838	1.333204	0.396319	-0.127448	0.052929	0.293796	0.238287	0.453623	0.858742	-0.954015	0.274673	0.119763	-0.181824	-0.848343	0.497109	0.053588	-0.006116	0.005188	-0.046477	0.076593	-0.052451	-1.365195
0.06612	0.03374	0.348303	0.202315	0.064222	-0.977235	0.264034	-0.964459	-0.008774	-0.943321	-0.256336	-0.210866	-0.010717	-0.020057	-0.032461	-0.657489	0.098755	0.343865	0.386083	-0.125874	0.052574	0.294155	0.23636	0.451719	0.860276	-0.953258	0.279098	0.11549	-0.188208	-0.847912	0.495465	0.040281	-0.004964	0.007906	-0.030023	-0.036398	0.068523	-1.367056
0.06541	0.033108	0.34686	0.20228	0.065709	-0.977144	0.106899	-0.99325	-0.044716	-0.973741	-0.0955	-0.206724	-0.025054	-0.0205	-0.033707	-0.646383	0.480296	0.515579	0.408052	-0.124867	0.052173	0.294623	0.237688	0.449025	0.86132	-0.950657	0.289352	0.111629	-0.199378	-0.845899	0.494536	0.014225	-0.007119	0.009319	-0.034599	-0.00591	0.010905	-1.367294
0.065025	0.032787	0.346065	0.196621	0.064924	-0.978351	0.027453	-0.997761	-0.060749	-0.980353	-0.015003	-0.196747	-0.024141	-0.010933	-0.04323	-1.758547	0.439516	0.339619	0.420662	-0.124498	0.052013	0.29484	0.24091	0.447733	0.861097	-0.948959	0.294554	0.112469	-0.203565	-0.844786	0.494733	0.014104	-0.006345	0.010039	-0.032008	-0.024103	0.033173	-1.366959
0.064042	0.032102	0.344484	0.17217	0.069384	-0.982643	-0.114471	-0.989331	-0.089966	-0.978621	0.12788	-0.161169	-0.038266	-0.010369	-0.04385	-5.971906	0.384532	-0.109631	0.442147	-0.123898	0.051899	0.29512	0.240915	0.44151	0.864303	-0.946111	0.305214	0.107939	-0.216422	-0.844269	0.490137	0.014142	-0.006537	0.009854	0.035815	0.154819	-0.125742	-1.367849
0.062723	0.031326	0.342962	0.153926	0.079223	-0.984924	-0.249568	-0.961323	-0.116382	-0.956248	0.263615	-0.126977	-0.037835	-0.008611	-0.042922	-1.665442	0.275953	0.39823	0.469753	-0.123461	0.052069	0.295296	0.249179	0.431191	0.867165	-0.938724	0.327537	0.107009	-0.238178	-0.841218	0.485269	0.012119	0.006632	0.004429	0.004975	-0.032055	0.053126	-1.367749
0.06122	0.030576	0.341677	0.143743	0.102741	-0.98429	-0.319898	-0.936352	-0.144508	-0.936674	0.335511	-0.100503	-0.040024	-0.027444	-0.024443	-0.207114	0.485827	0.566275	0.496474	-0.123197	0.052267	0.29548	0.251386	0.415054	0.874372	-0.933281	0.343191	0.105545	-0.256563	-0.843073	0.472512	0.012249	0.005796	0.003644	0.206175	0.628129	-0.457116	-1.366747
0.06044	0.030234	0.34115	0.145612	0.109276	-0.983311	-0.357372	-0.920941	-0.15532	-0.922732	0.373884	-0.093825	-0.037104	-0.012938	-0.029852	-5.447248	-0.700675	-0.132542	0.501915	-0.123132	0.052347	0.295557	0.250862	0.406338	0.878607	-0.931614	0.34777	0.105291	-0.263061	-0.845429	0.464663	-0.000642	0.003791	0.003515	0.139649	0.810729	-0.570439	-1.366764
0.058902	0.02966	0.340335	0.148609	0.114028	-0.982323	-0.415591	-0.894126	-0.166716	-0.897522	0.432874	-0.084265	-0.034286	-0.005667	-0.023989	-0.475769	0.127287	-0.025991	0.501256	-0.123171	0.052404	0.295627	0.257824	0.390353	0.883822	-0.927466	0.356218	0.113356	-0.270886	-0.849415	0.452746	-0.000108	0.000636	0.00059	-0.178333	0.427161	0.117229	-1.364813
0.057367	0.029259	0.339862	0.150017	0.098238	-0.983814	-0.484231	-0.860209	-0.159788	-0.862176	0.500238	-0.080254	-0.045837	-0.00547	-0.007304	-5.48496	-0.815171	-0.584403	0.496924	-0.123217	0.052383	0.295615	0.261479	0.381541	0.886593	-0.923646	0.365406	0.115286	-0.280285	-0.849505	0.446816	0.000272	-0.00161	-0.001492	-0.006296	0.01194	0.010699	-1.36465
0.056608	0.029146	0.33971	0.148413	0.088003	-0.985025	-0.525368	-0.83681	-0.153972	-0.838021	0.540239	-0.076735	-0.045292	-0.003994	-0.006103	-1.681083	-0.187152	-0.267967	0.495921	-0.123222	0.052353	0.295574	0.262654	0.377102	0.888143	-0.919792	0.375826	0.112569	-0.291644	-0.846931	0.444427	0.000349	-0.002064	-0.001913	1.472425	0.186784	0.736973	-1.365417
0.055182	0.029021	0.339532	0.136394	0.067214	-0.988395	-0.600396	-0.787951	-0.136489	-0.788158	0.611958	-0.065888	-0.032014	-0.013732	0.003944	-0.186549	0.049644	-0.112933	0.49791	-0.123202	0.052298	0.295483	0.262372	0.3694	0.891457	-0.913753	0.391937	0.106653	-0.310303	-0.843002	0.439229	0.000196	-0.001157	-0.001073	0.004074	0.001869	0.000445	-1.366945
0.054028	0.02902	0.339432	0.131646	0.055341	-0.989774	-0.651598	-0.74758	-0.128519	-0.747219	0.661782	-0.061124	-0.029022	0.000404	-0.001537	-0.495292	-0.019122	-0.113862	0.505432	-0.123199	0.052276	0.295476	0.261002	0.359183	0.896022	-0.905403	0.412929	0.098334	-0.334977	-0.837362	0.431831	-9.3e-05	0.00055	0.00051	1.487177	0.167832	0.711542	-1.366717
0.053182	0.029075	0.339333	0.127023	0.04686	-0.990815	-0.703788	-0.699596	-0.123367	-0.699118	0.712934	-0.054654	-0.027809	0.003239	0.000897	-0.501264	0.038743	-0.041079	0.493636	-0.123199	0.052273	0.295552	0.262687	0.355134	0.897143	-0.900792	0.423361	0.096296	-0.345923	-0.833866	0.429962	-0.000251	0.001483	0.001376	9e-06	1e-06	4e-06	-1.363877
0.052755	0.029148	0.339314	0.122628	0.040357	-0.991655	-0.732842	-0.670077	-0.117947	-0.669406	0.741138	-0.051362	-0.014268	0.000818	-0.000256	-1.674435	0.264083	-0.813653	0.49071	-0.123182	0.052221	0.295608	0.260573	0.354301	0.898089	-0.901036	0.423226	0.094591	-0.346883	-0.834288	0.428367	-0.000134	0.000794	0.000736	0.059526	0.177651	-0.163608	-1.361438
0.052008	0.029466	0.33923	0.119129	0.034201	-0.992312	-0.760193	-0.639708	-0.113364	-0.638824	0.76781	-0.048975	-0.013496	0.002566	0.001257	-1.646199	-0.173238	-0.110751	0.489159	-0.123112	0.051957	0.295796	0.256703	0.35348	0.899526	-0.899445	0.427867	0.088672	-0.353831	-0.832265	0.426616	0.001759	-0.011574	0.006904	-0.033041	0.002261	-0.024566	-1.359393
0.051472	0.029887	0.339129	0.116144	0.029142	-0.992828	-0.782411	-0.613024	-0.109576	-0.611973	0.789488	-0.047163	-0.01115	0.014885	-0.005735	-0.010966	0.094918	-0.185428	0.483997	-0.12303	0.051611	0.296001	0.254176	0.35952	0.897848	-0.895413	0.438253	0.078127	-0.365691	-0.82424	0.43216	0.001714	-0.011304	0.007161	0.055328	-0.166304	-0.174852	-1.360627
0.051227	0.030154	0.339022	0.11429	0.026622	-0.993113	-0.793075	-0.599559	-0.107395	-0.59844	0.799853	-0.046175	-0.01136	0.014399	-0.006159	0.02018	0.098444	-0.183892	0.482909	-0.122974	0.051433	0.296135	0.254361	0.363037	0.89638	-0.893217	0.443421	0.074004	-0.370901	-0.819926	0.435909	0.00161	-0.010687	0.007737	0.201555	-0.438501	-0.415547	-1.361637
0.050923	0.030685	0.338635	0.111694	0.019495	-0.993574	-0.810071	-0.577289	-0.102445	-0.575724	0.816283	-0.047452	0.002393	0.019489	-0.018445	0.022826	-0.076025	0.007875	0.481235	-0.122821	0.051125	0.296523	0.248184	0.372225	0.894341	-0.894214	0.44298	0.063909	-0.372673	-0.816046	0.441642	0.001015	-0.007175	0.010993	0.136765	-0.335856	-0.286391	-1.363698
0.050923	0.031266	0.338166	0.109442	0.015494	-0.993895	-0.826094	-0.554624	-0.099664	-0.552927	0.831939	-0.046664	0.001778	0.011024	-0.008096	0.021369	0.084284	-0.154048	0.472075	-0.12266	0.050884	0.297037	0.244426	0.382245	0.891143	-0.89505	0.442377	0.055874	-0.373145	-0.811741	0.449113	0.000551	-0.004442	0.013514	0.125984	-0.315911	-0.267812	-1.364041
0.051308	0.032075	0.337534	0.107631	0.01084	-0.994155	-0.844177	-0.527152	-0.097195	-0.525267	0.84969	-0.046351	0.003897	0.022811	-0.0155	-0.080657	0.049056	-0.146543	0.46994	-0.122559	0.050509	0.297701	0.241046	0.38751	0.889789	-0.893603	0.446223	0.047875	-0.378769	-0.807131	0.452699	0.000552	-0.00445	0.013498	0.050644	-0.171849	-0.1399	-1.364539
0.051598	0.03246	0.337196	0.106716	0.009217	-0.99427	-0.849793	-0.518262	-0.096067	-0.516318	0.855163	-0.046238	0.01668	0.018787	-0.018011	0.06884	0.049054	-0.109943	0.470531	-0.122508	0.050283	0.298058	0.238953	0.390297	0.889135	-0.891624	0.450761	0.041883	-0.384715	-0.803259	0.454568	0.002273	-0.015766	0.02068	1.546912	-0.198573	0.494869	-1.365133
0.052311	0.033157	0.336415	0.105157	0.004177	-0.99447	-0.86941	-0.485033	-0.094024	-0.482883	0.874484	-0.046136	0.015544	0.016337	-0.020134	-0.079084	0.051279	-0.140645	0.469577	-0.122363	0.04981	0.298827	0.235657	0.393468	0.888617	-0.887566	0.459493	0.03205	-0.395972	-0.79674	0.456372	0.002074	-0.01459	0.021761	-0.042906	-0.024967	-0.064657	-1.364537
0.052947	0.033522	0.335755	0.107421	-0.00219	-0.994234	-0.892956	-0.439852	-0.095563	-0.437249	0.898076	-0.047968	0.012931	0.003449	-0.013701	-1.618137	-0.181248	-0.05903	0.463731	-0.122145	0.049374	0.299604	0.233799	0.399925	0.886222	-0.883336	0.468157	0.021902	-0.406399	-0.788442	0.461585	0.001959	-0.013911	0.02238	0.07113	-0.275909	-0.25471	-1.36366
0.053187	0.03354	0.335497	0.110075	-0.004603	-0.993936	-0.900126	-0.424483	-0.097773	-0.421605	0.905435	-0.049632	0.010527	-0.009032	-0.006928	-5.491707	-0.539186	-0.268791	0.461769	-0.12201	0.049181	0.299993	0.232547	0.400303	0.886381	-0.881161	0.472406	0.017961	-0.411807	-0.785711	0.46145	0.000214	-0.002488	0.015257	0.211967	-0.228059	-0.119733	-1.362567
0.053495	0.033287	0.335094	0.124453	-0.01044	-0.992193	-0.9106	-0.398324	-0.110081	-0.394228	0.917206	-0.057845	0.009299	-0.011825	-0.009397	-0.146493	-0.027578	0.01556	0.452077	-0.12167	0.048854	0.300746	0.232193	0.400861	0.886221	-0.879177	0.476187	0.015085	-0.416225	-0.78314	0.461858	0.013192	-0.000868	0.015003	-0.013481	-0.149795	0.186183	-1.360346
0.053604	0.032825	0.334813	0.137317	-0.011206	-0.990486	-0.913687	-0.387532	-0.122339	-0.382654	0.921809	-0.062222	0.009208	-0.012073	-0.009641	0.001298	0.001446	0.005695	0.440641	-0.121324	0.048566	0.301377	0.229601	0.400688	0.886975	-0.877001	0.480312	0.010169	-0.422211	-0.780703	0.460546	0.015385	-0.014826	0.019832	-0.068505	-0.015853	0.014058	-1.358595
0.053587	0.032431	0.334503	0.14656	-0.013407	-0.989134	-0.921283	-0.365911	-0.1316	-0.360362	0.930577	-0.06475	-0.003887	-0.008741	-0.007729	-0.492805	-0.023078	-0.038766	0.42928	-0.120954	0.048266	0.301849	0.227005	0.400513	0.887722	-0.874648	0.484663	0.005126	-0.428451	-0.778098	0.45919	0.014122	-0.006213	0.010149	-0.033645	-0.008307	0.008962	-1.354681
0.05353	0.032278	0.334368	0.150405	-0.009077	-0.988606	-0.92266	-0.360375	-0.137117	-0.35522	0.932782	-0.061348	-0.003676	-0.008263	-0.007318	-0.031858	0.453442	0.265139	0.425323	-0.120788	0.048143	0.302007	0.227175	0.398496	0.888586	-0.871953	0.48951	0.003526	-0.433825	-0.776094	0.457534	0.014454	-0.008097	0.008448	0.097957	-0.005874	0.078874	-1.351589
0.053356	0.032032	0.334146	0.152866	0.002806	-0.988266	-0.927955	-0.343471	-0.144566	-0.340045	0.939163	-0.048673	-0.004518	-0.017263	0.002515	-0.050965	0.44724	0.26686	0.42268	-0.120431	0.047887	0.302219	0.221992	0.397622	0.890285	-0.869238	0.494312	-0.003898	-0.441881	-0.773492	0.454219	0.001914	-0.012247	0.006412	0.121506	-0.289206	-0.281913	-1.351044
0.053206	0.031762	0.333984	0.158954	0.019018	-0.987126	-0.934213	-0.320432	-0.15666	-0.319492	0.947065	-0.03194	-0.002144	-0.004807	-0.00428	-0.018679	0.262568	0.41154	0.422415	-0.120059	0.047675	0.302258	0.219134	0.3929	0.893085	-0.863488	0.504207	-0.009818	-0.454405	-0.769499	0.448609	0.002369	-0.014772	0.004132	-0.039241	0.026558	-0.041188	-1.349568
0.053178	0.03164	0.333903	0.163959	0.031145	-0.985998	-0.936673	-0.308557	-0.165557	-0.309605	0.950665	-0.020193	-0.002136	-0.004788	-0.004268	-0.037293	0.701884	0.666778	0.420853	-0.119866	0.047593	0.302266	0.214201	0.391531	0.894881	-0.863475	0.504139	-0.013761	-0.456773	-0.77024	0.444917	0.000323	-0.001817	-0.001643	0.897945	1.949118	-1.741856	-1.347936
0.053134	0.03151	0.333802	0.173407	0.049245	-0.983642	-0.941466	-0.284801	-0.180284	-0.289244	0.957268	-0.001801	-0.000741	-0.001661	-0.001482	-0.515995	0.477143	0.372993	0.415652	-0.11945	0.047367	0.302261	0.206899	0.389458	0.8975	-0.863475	0.50395	-0.0195	-0.460121	-0.771412	0.439404	0.000596	-0.00333	-0.003015	0.269245	0.584584	-0.522797	-1.346055
0.053085	0.031494	0.333798	0.181927	0.064353	-0.981227	-0.945953	-0.260898	-0.192552	-0.268626	0.963147	0.01463	0.000275	0.000616	0.00055	-5.437263	-0.774337	0.272051	0.410064	-0.119066	0.047096	0.30222	0.206948	0.387514	0.89833	-0.860582	0.508811	-0.021107	-0.465491	-0.769193	0.437633	0.00259	-0.015856	0.003145	-0.018793	-0.114386	0.136482	-1.342873
0.053043	0.031489	0.333817	0.186447	0.074272	-0.979677	-0.946329	-0.254283	-0.199432	-0.264167	0.96419	0.024093	3e-06	8e-06	7e-06	-0.022759	0.457784	0.301919	0.406691	-0.118864	0.046964	0.302209	0.204711	0.386843	0.899131	-0.860569	0.508757	-0.022829	-0.4665	-0.769566	0.435901	0.002422	-0.014897	0.004014	-0.036684	0.00865	-0.018728	-1.341549
0.053033	0.031543	0.333796	0.192595	0.084719	-0.977638	-0.949242	-0.23631	-0.207533	-0.248855	0.967881	0.036122	0.000402	0.0009	0.000803	-5.423854	-0.571973	0.340643	0.392467	-0.118438	0.046742	0.302232	0.19891	0.388708	0.899629	-0.857109	0.514047	-0.032471	-0.475295	-0.765098	0.434262	0.013205	0.000728	-0.001086	0.143247	0.045619	-0.224567	-1.340995
0.053035	0.0316	0.333833	0.193689	0.085503	-0.977353	-0.95183	-0.224895	-0.20836	-0.237866	0.970527	0.03904	0.000546	0.001222	0.001091	-0.001776	0.110265	-0.164815	0.373805	-0.117988	0.046481	0.302374	0.195366	0.39305	0.898519	-0.857074	0.513708	-0.038235	-0.476821	-0.76311	0.436083	0.014858	-0.009803	0.006894	-0.015202	-0.044206	-0.021474	-1.341695
0.05296	0.031648	0.333882	0.191723	0.085277	-0.97776	-0.953578	-0.21944	-0.206174	-0.232389	0.971795	0.040462	-0.012824	0.004065	0.002584	-0.000984	0.014715	-0.029553	0.372006	-0.117592	0.046182	0.302609	0.193708	0.398815	0.896335	-0.853886	0.518362	-0.045977	-0.483176	-0.756951	0.439805	0.014821	-0.009523	0.00715	-0.00742	-0.059317	-0.034214	-1.341913
0.052918	0.031653	0.333883	0.190735	0.084706	-0.978003	-0.955116	-0.213918	-0.204853	-0.22681	0.973076	0.041318	-0.000471	-0.001054	-0.00094	-0.001182	-0.000248	5e-05	0.371937	-0.117392	0.045995	0.302732	0.190529	0.400708	0.896171	-0.853894	0.517982	-0.049938	-0.484422	-0.756213	0.439705	0.014868	-0.009736	0.006957	-0.003339	-0.067282	-0.040898	-1.341805
0.052831	0.031668	0.333916	0.190703	0.090062	-0.977531	-0.956238	-0.207949	-0.205762	-0.222053	0.973882	0.04768	0.000247	0.000553	0.000493	-0.008811	0.219338	0.144689	0.361114	-0.117008	0.045656	0.30296	0.187727	0.402625	0.895904	-0.854069	0.517346	-0.053409	-0.485203	-0.755632	0.439842	0.014879	-0.00972	0.006973	-0.033416	-0.009094	0.008416	-1.341349
0.052699	0.031711	0.333958	0.192032	0.093963	-0.976903	-0.95837	-0.196259	-0.20732	-0.211454	0.975933	0.053578	6e-06	1.4e-05	1.3e-05	-1.621729	-0.289139	0.124838	0.355819	-0.116635	0.045444	0.303117	0.185598	0.400289	0.897393	-0.850935	0.522129	-0.056782	-0.491488	-0.753577	0.436377	0.014888	-0.009703	0.006988	-0.034616	-0.006802	0.010362	-1.340418
0.052642	0.031726	0.333979	0.193837	0.099524	-0.975996	-0.957835	-0.195759	-0.210246	-0.212234	0.975475	0.058595	9.4e-05	0.000209	0.000186	-0.012392	0.330714	0.218137	0.353307	-0.116451	0.045361	0.303164	0.183359	0.399667	0.89813	-0.850845	0.522087	-0.058495	-0.492482	-0.753935	0.434634	0.015142	-0.01102	0.005789	-0.037197	0.010918	-0.012273	-1.339611
0.05256	0.031683	0.334016	0.196243	0.103967	-0.975051	-0.958459	-0.189451	-0.213158	-0.207138	0.976251	0.063682	-0.000251	-0.00056	-0.000499	-0.001059	0.028546	0.018823	0.350224	-0.116146	0.045269	0.303239	0.184393	0.399655	0.897923	-0.850839	0.522198	-0.057572	-0.492106	-0.753864	0.435182	5e-06	-2.6e-05	-2.4e-05	0	-0	-0	-1.336122
