0.023356	0.026122	-0.006554	0.694286	0.601151	0.395706	-0.719666	0.585148	0.373741	-0.006871	-0.544259	0.838888	-0.017973	0.006793	-0.024786	-0.992224	-0.24957	-1.064466	0.3405	0.086202	0.0417	-0.02811	0.809099	-0.261256	-0.526405	0.315948	0.94866	0.014798	0.495514	-0.178289	0.850104	0.006096	0.004102	-0.023403	0.105544	-0.010029	0.009864	0.522838
0.022797	0.026333	-0.007525	0.654855	0.63756	0.405807	-0.755025	0.52835	0.388305	0.03316	-0.560679	0.827368	-0.010098	0.0066	-0.025653	-2.638277	-1.671175	-4.333944	0.336907	0.086275	0.041768	-0.02897	0.80885	-0.26147	-0.526681	0.314385	0.949224	0.011576	0.496912	-0.174944	0.849983	-0.001056	0.002857	-0.024352	0.104575	0.004799	-0.019619	0.522348
0.022579	0.026442	-0.007998	0.637337	0.650817	0.412598	-0.769094	0.503954	0.393095	0.047902	-0.567861	0.821728	-0.010056	0.006476	-0.025831	-0.491871	0.516586	0.415357	0.335764	0.086332	0.041826	-0.029493	0.809058	-0.259041	-0.527562	0.313041	0.949639	0.013786	0.497423	-0.176303	0.849404	-0.001218	0.006739	-0.030051	0.100983	-0.085749	-0.069518	0.522511
0.022292	0.026737	-0.008981	0.588967	0.687627	0.4246	-0.803212	0.440032	0.401523	0.08926	-0.577528	0.811475	-0.01011	0.013768	-0.027791	-2.495468	-1.985714	-4.523789	0.32809	0.086487	0.041957	-0.030596	0.80529	-0.263857	-0.530929	0.320951	0.946957	0.016193	0.498494	-0.183442	0.847261	0.005752	0.004615	-0.032154	-0.099028	-0.514978	-0.255904	0.522348
0.022198	0.027104	-0.009931	0.54406	0.713682	0.441198	-0.830869	0.385027	0.401759	0.116855	-0.585159	0.802454	-0.001653	0.009197	-0.022662	-0.156269	-0.159579	-0.352262	0.319109	0.086716	0.042122	-0.03188	0.801521	-0.25648	-0.540167	0.320989	0.946703	0.026786	0.504508	-0.194857	0.841131	0.005694	0.003313	-0.033438	-0.191795	-0.702911	-0.355344	0.522674
0.022196	0.02729	-0.010374	0.517558	0.726425	0.452149	-0.845871	0.354722	0.398338	0.128975	-0.588623	0.798052	-0.001546	0.009981	-0.02162	-0.769488	-0.562676	-1.249931	0.314373	0.086853	0.042212	-0.032565	0.800102	-0.24855	-0.545946	0.317288	0.947736	0.033525	0.50908	-0.200045	0.837148	0.005613	0.008411	-0.038131	0.006603	-0.271977	-0.331329	0.523001
0.022278	0.027664	-0.011175	0.465034	0.747197	0.474804	-0.873106	0.298411	0.385533	0.146383	-0.593841	0.791154	-0.001208	0.005494	-0.016088	-1.600562	-0.046489	-5.962895	0.302453	0.087153	0.042363	-0.033962	0.796744	-0.226877	-0.56011	0.307219	0.95021	0.052122	0.520398	-0.213605	0.826775	0.005572	0.007327	-0.039282	-0.203797	-0.645216	-0.548169	0.523491
0.022451	0.027981	-0.011883	0.398041	0.773275	0.493566	-0.899373	0.222901	0.376087	0.180803	-0.593599	0.784187	-0.001123	0.006012	-0.015399	-0.895098	-0.542384	-1.272658	0.281225	0.087464	0.042491	-0.03536	0.794485	-0.200422	-0.573256	0.294176	0.952837	0.074571	0.531275	-0.227884	0.815974	0.005705	0.002267	-0.03487	-0.341338	-0.831076	-0.694625	0.521858
0.022717	0.028169	-0.012466	0.327681	0.796347	0.508384	-0.919666	0.145592	0.364713	0.216422	-0.587054	0.780082	0.007194	0.000963	-0.010974	0.057523	0.123685	-0.243829	0.2502	0.087732	0.042622	-0.036714	0.795514	-0.170759	-0.581376	0.278809	0.95502	0.100999	0.53798	-0.242439	0.807341	0.005813	0.003716	-0.033761	-0.292486	-0.631031	-0.786472	0.521368
0.022827	0.028217	-0.012683	0.29324	0.806794	0.512925	-0.926174	0.106684	0.361688	0.237087	-0.58112	0.778516	0.007244	0.001281	-0.01049	0.167568	1.437043	-2.866976	0.228482	0.087867	0.042693	-0.037369	0.794611	-0.161099	-0.585354	0.276848	0.954222	0.1132	0.540322	-0.252003	0.802835	0.005857	0.004325	-0.033295	-0.038077	-0.140056	-0.529778	0.521368
0.023049	0.028312	-0.013028	0.202891	0.828791	0.521478	-0.934089	0.004033	0.357015	0.293788	-0.559542	0.774984	0.007555	0.003497	-0.007415	-0.952171	-0.53825	-1.540488	0.170514	0.088136	0.042849	-0.038593	0.792238	-0.136486	-0.594751	0.263204	0.955767	0.131268	0.550527	-0.260537	0.793119	0.006015	0.006785	-0.031181	-0.070934	-0.191418	-0.522175	0.521204
0.023297	0.028394	-0.013212	0.12148	0.833414	0.539132	-0.934461	-0.087125	0.345239	0.334699	-0.545738	0.768209	0.007689	0.004477	-0.006014	0.042697	0.21269	-0.38596	0.130018	0.088393	0.043049	-0.039641	0.791808	-0.117961	-0.599269	0.252793	0.95648	0.145738	0.555998	-0.266888	0.787169	0.00632	0.00495	-0.023655	-0.20061	-0.425623	-0.473426	0.521694
0.023384	0.028386	-0.013256	0.083555	0.831331	0.54946	-0.931991	-0.129974	0.338376	0.352718	-0.540366	0.763933	-0.00011	-0.000792	-0.001261	-3.124712	-1.543605	-4.579907	0.112056	0.088496	0.043171	-0.040085	0.790454	-0.111666	-0.602256	0.24939	0.956725	0.149933	0.559451	-0.268712	0.784096	-0.00077	0.006971	-0.021592	-0.066879	-0.303181	-0.154357	0.521531
0.023543	0.028311	-0.013289	0.009719	0.817481	0.575872	-0.922832	-0.214444	0.319989	0.385078	-0.534544	0.752314	-0.000112	-0.000821	-0.001168	-0.319835	0.041218	-0.712496	0.096217	0.088656	0.043429	-0.040762	0.791848	-0.104721	-0.601671	0.245227	0.956798	0.156207	0.55932	-0.271239	0.783319	0.00675	0.005719	-0.013595	0.092736	-0.003164	0.055806	0.519735
0.023647	0.028167	-0.013319	-0.052074	0.796345	0.602596	-0.910459	-0.28578	0.298987	0.410307	-0.53307	0.739921	-0.000304	-0.002134	-0.003041	0.691028	0.650876	-1.497098	0.090502	0.088764	0.04368	-0.041142	0.793824	-0.099614	-0.599933	0.243373	0.95609	0.163278	0.557326	-0.275622	0.783211	0.007071	0.004612	-0.005235	-0.157254	-0.350301	-0.112197	0.51451
0.023725	0.027993	-0.013356	-0.098509	0.778532	0.619824	-0.898002	-0.337943	0.281754	0.42882	-0.528849	0.732414	-6e-05	-0.007523	0.001209	-3.541022	-0.989066	-4.803877	0.087726	0.088828	0.043889	-0.041241	0.795685	-0.097997	-0.59773	0.242797	0.955677	0.166525	0.554918	-0.277629	0.784211	0.007278	0.001432	0.001163	0.003884	-0.014286	0.034199	0.513367
0.023745	0.027904	-0.013386	-0.117907	0.768823	0.628497	-0.891575	-0.360647	0.27391	0.437254	-0.528056	0.727986	-0.000293	-0.002088	-0.002997	0.328489	-0.109472	-0.791173	0.088379	0.088841	0.043946	-0.041216	0.796655	-0.097627	-0.596496	0.242979	0.955345	0.168154	0.553444	-0.278898	0.784802	0.000118	0.002165	0.002051	0.002005	-0.002558	0.004173	0.513693
0.023759	0.027799	-0.013473	-0.151463	0.752683	0.640724	-0.880049	-0.397833	0.259311	0.45008	-0.524592	0.722654	-0.000219	-0.001549	-0.002223	-0.047894	0.311624	-0.507535	0.107974	0.088848	0.043995	-0.041064	0.795447	-0.099355	-0.597822	0.244888	0.955039	0.16712	0.55434	-0.279335	0.784014	0.00026	-0.002385	0.00714	-0.035475	-0.002157	0.007129	0.514836
0.023798	0.02774	-0.013579	-0.17134	0.744772	0.644946	-0.869102	-0.422571	0.257087	0.464008	-0.516475	0.719687	-0.00024	-0.001728	-0.002487	-0.009215	0.101823	-0.172163	0.145531	0.088849	0.044015	-0.040897	0.794046	-0.101345	-0.599348	0.247148	0.95465	0.16601	0.555344	-0.279948	0.783084	0.000132	0.00256	0.002421	0.000393	-0.014358	0.02549	0.516142
0.023829	0.027692	-0.013632	-0.178968	0.739612	0.648802	-0.865415	-0.432031	0.253781	0.468002	-0.516065	0.717391	-0.00028	-0.002006	-0.002894	-0.012317	0.114268	-0.197076	0.158431	0.088852	0.04403	-0.040834	0.793377	-0.102287	-0.600073	0.248174	0.954487	0.16542	0.555842	-0.280163	0.782654	9.9e-05	0.001972	0.001862	-0.000328	0.000108	0.000497	0.516469
0.023941	0.027619	-0.013735	-0.195547	0.732502	0.652075	-0.855677	-0.452298	0.25148	0.479142	-0.50879	0.71523	-0.000513	0.003436	-0.007164	0.02396	0.101105	-0.178745	0.186353	0.088855	0.044081	-0.040765	0.792301	-0.10379	-0.601236	0.249691	0.954283	0.164305	0.556697	-0.280303	0.781996	7.7e-05	0.001522	0.001434	0.000576	-0.014441	0.025226	0.516796
0.024183	0.027534	-0.01387	-0.206029	0.727342	0.654618	-0.849433	-0.465053	0.249374	0.485813	-0.504677	0.713643	0.00771	-0.002643	-0.004245	-0.010456	0.098257	-0.166649	0.227503	0.088857	0.044124	-0.04073	0.79309	-0.103621	-0.600224	0.250135	0.953903	0.16583	0.555373	-0.281655	0.782451	3.6e-05	0.000735	0.000691	-4.8e-05	-8.5e-05	0.000342	0.516306
0.024565	0.027399	-0.014005	-0.206248	0.726908	0.655031	-0.849216	-0.465531	0.249224	0.4861	-0.504861	0.713317	0.016015	-0.008273	-0.000699	-0.0333	-0.003559	0.016933	0.258365	0.088858	0.044143	-0.040713	0.794023	-0.103249	-0.599053	0.25039	0.953538	0.167536	0.553923	-0.283025	0.782985	2e-05	0.000372	0.000351	0.000134	-0.000222	0.000397	0.515326
0.024826	0.027327	-0.014079	-0.210166	0.725958	0.654839	-0.846501	-0.470236	0.249626	0.489147	-0.50186	0.713352	0.015773	-0.002878	-0.005053	0.003108	-0.016101	0.034233	0.27453	0.088858	0.04415	-0.040707	0.795305	-0.102401	-0.597497	0.250174	0.953224	0.16963	0.552179	-0.284386	0.783722	6e-06	0.000131	0.000122	0.001727	-0.002073	0.001976	0.51451
0.025463	0.027166	-0.01422	-0.222323	0.721148	0.656137	-0.838511	-0.484805	0.248722	0.497464	-0.494882	0.712474	0.015786	-0.00293	-0.005184	-0.327695	-0.127623	-0.327041	0.300004	0.088859	0.044163	-0.040694	0.794941	-0.102895	-0.597896	0.250656	0.95317	0.169228	0.552484	-0.284393	0.783506	3.7e-05	0.000717	0.000673	-3.3e-05	-2.1e-05	0.000128	0.513693
0.026262	0.026992	-0.014412	-0.230879	0.7156	0.65925	-0.833314	-0.495201	0.245689	0.502276	-0.492638	0.710651	0.023923	-0.002734	-0.005426	0.004674	-0.049104	0.091686	0.311597	0.08886	0.044178	-0.04068	0.794371	-0.103679	-0.598518	0.25143	0.953076	0.168607	0.552953	-0.284422	0.783164	3.8e-05	0.000743	0.0007	0.000752	-0.014465	0.024984	0.512713
0.026711	0.026931	-0.01451	-0.239049	0.711593	0.660673	-0.827859	-0.504936	0.244312	0.507449	-0.488542	0.709803	0.023968	-0.002465	-0.005075	0.005418	-0.048265	0.090842	0.31568	0.08886	0.044186	-0.040672	0.794053	-0.104115	-0.598864	0.251859	0.953023	0.168262	0.553213	-0.284438	0.782974	2e-05	0.000412	0.000388	-4.6e-05	1.7e-05	9.5e-05	0.512387
0.027663	0.026804	-0.014728	-0.25114	0.706038	0.662147	-0.819262	-0.519358	0.243053	0.515497	-0.481432	0.708862	0.024158	-0.00887	-0.002326	-0.031375	-0.01991	0.046401	0.321721	0.088861	0.044199	-0.04066	0.794873	-0.103899	-0.597813	0.252268	0.952632	0.169858	0.551849	-0.285824	0.783432	2e-05	0.000385	0.000361	0.00188	-0.002213	0.002048	0.512387
0.028609	0.026663	-0.014962	-0.260317	0.701964	0.662933	-0.809757	-0.532676	0.246067	0.525859	-0.472759	0.707085	0.02398	-0.002809	-0.005773	0.017435	-0.057191	0.082916	0.322701	0.088862	0.044211	-0.040649	0.79437	-0.104578	-0.598363	0.252932	0.952554	0.169304	0.552268	-0.285836	0.783132	2.9e-05	0.000544	0.000512	0.005531	-0.100068	0.171911	0.512224
0.029513	0.02654	-0.015198	-0.263254	0.699647	0.664221	-0.803038	-0.540475	0.251029	0.534627	-0.46731	0.704126	0.024	-0.0029	-0.006	-0.110178	0.123597	0.158788	0.321231	0.088867	0.044216	-0.040645	0.793977	-0.105118	-0.59879	0.253465	0.952489	0.168876	0.55259	-0.285856	0.782898	-0	-1.9e-05	-1.8e-05	-2.1e-05	1.8e-05	8e-05	0.51206
0.029934	0.026497	-0.015293	-0.266569	0.698711	0.663884	-0.800099	-0.544473	0.251772	0.537384	-0.464058	0.704178	0.02408	-0.002233	-0.005052	0.015785	-0.042763	0.057768	0.319435	0.088872	0.044212	-0.040648	0.793679	-0.105527	-0.599112	0.253868	0.952439	0.168552	0.552832	-0.285872	0.782721	-5e-06	-0.000128	-0.000121	0.005509	-0.100028	0.171868	0.511734
0.030707	0.026446	-0.015424	-0.273733	0.697033	0.662733	-0.79429	-0.552393	0.252911	0.542376	-0.457172	0.704854	0.016159	-0.000527	-0.001997	0.004895	-0.030789	0.058845	0.31323	0.088878	0.044212	-0.040649	0.793147	-0.106254	-0.599688	0.254585	0.952349	0.167974	0.553265	-0.2859	0.782405	2e-06	-2e-06	-3e-06	0.005522	-0.100033	0.171868	0.511244
0.03136	0.026421	-0.015447	-0.281081	0.693301	0.663571	-0.788442	-0.561032	0.252193	0.547131	-0.4523	0.704323	0.008172	0.000697	0.000402	-0.098982	-0.052069	-0.075246	0.308821	0.088878	0.044215	-0.040646	0.79269	-0.106877	-0.600181	0.255199	0.952272	0.167479	0.553637	-0.285925	0.782133	1e-06	-3e-06	-3e-06	-2.8e-05	9e-06	5e-05	0.510754
0.031629	0.02642	-0.015441	-0.280599	0.694109	0.662929	-0.788697	-0.560362	0.252885	0.547011	-0.451891	0.704679	0.016299	0.001001	0.000226	0.006069	-0.045002	0.084221	0.308168	0.088873	0.044221	-0.04064	0.792383	-0.107293	-0.600513	0.25561	0.952221	0.167147	0.553888	-0.285941	0.781949	9e-06	0.000165	0.000155	-2.3e-05	2e-06	5.6e-05	0.511081
0.032058	0.026445	-0.01541	-0.288439	0.689486	0.664388	-0.782452	-0.569667	0.251491	0.55188	-0.447312	0.703804	0.016315	0.001273	0.00061	0.006199	-0.044898	0.084132	0.304086	0.088874	0.044242	-0.04062	0.79186	-0.108003	-0.601075	0.256308	0.952132	0.166581	0.554313	-0.285969	0.781637	4.8e-05	0.000915	0.000862	-1.9e-05	2.1e-05	6.5e-05	0.509774
0.032378	0.026489	-0.015379	-0.296061	0.686544	0.664082	-0.775936	-0.578312	0.251945	0.557019	-0.440695	0.70393	0.008167	0.000782	0.000507	0.002582	-0.015303	0.029786	0.30082	0.088876	0.044275	-0.040582	0.791451	-0.108558	-0.601514	0.25687	0.952054	0.166158	0.554637	-0.286017	0.78139	4.2e-05	0.000835	0.000786	-2.8e-05	2.1e-05	5.9e-05	0.509448
0.032477	0.026509	-0.015357	-0.295814	0.686956	0.663765	-0.776112	-0.577943	0.252253	0.556905	-0.440536	0.704118	8.1e-05	0.000934	0.001374	0.000417	0.000103	0.000424	0.300167	0.088882	0.044291	-0.04056	0.791222	-0.108871	-0.601758	0.257191	0.952008	0.16593	0.554814	-0.286054	0.781251	0.000167	-0.004181	0.005427	-0.034913	-0.002289	0.006262	0.509611
0.03261	0.026533	-0.015277	-0.295449	0.68756	0.663303	-0.776281	-0.577469	0.252816	0.556863	-0.440215	0.704353	9.4e-05	0.001105	0.001627	0.00028	0.000114	0.000275	0.299024	0.088884	0.044326	-0.04052	0.790877	-0.109339	-0.602127	0.257666	0.951941	0.165576	0.555086	-0.286098	0.781041	0.000162	-0.004276	0.005339	-0.03491	-0.002283	0.006271	0.509121
0.032628	0.026568	-0.01518	-0.303336	0.684052	0.663369	-0.769401	-0.586528	0.252994	0.562146	-0.433655	0.704226	0.00013	0.00154	0.002274	-0.099325	-0.034304	-0.107287	0.298861	0.088892	0.044356	-0.040486	0.790465	-0.109897	-0.602566	0.258229	0.951862	0.16515	0.555411	-0.286146	0.780793	4e-05	0.000782	0.000732	-3.2e-05	3e-06	7.1e-05	0.508631
0.032622	0.026614	-0.015075	-0.309667	0.682483	0.662059	-0.76645	-0.591237	0.250981	0.562725	-0.429715	0.706176	0.000134	0.001575	0.002325	-0.01022	-0.00255	0.030445	0.298697	0.088898	0.044373	-0.040456	0.790084	-0.110415	-0.602971	0.258766	0.951781	0.164778	0.555703	-0.286217	0.780559	3.3e-05	0.000656	0.000613	-4.7e-05	6e-06	6.9e-05	0.508631
0.032625	0.02663	-0.015032	-0.309614	0.682274	0.662299	-0.766286	-0.591426	0.251036	0.562977	-0.429787	0.705931	0.000122	0.00144	0.002125	-0.001389	-0.010399	0.027274	0.298697	0.088899	0.044378	-0.040444	0.789985	-0.110549	-0.603076	0.258912	0.951756	0.164691	0.555776	-0.286247	0.780496	3e-05	0.000593	0.000555	-3.9e-05	2.7e-05	7.7e-05	0.507978
0.032625	0.026679	-0.014923	-0.325192	0.67656	0.660693	-0.756384	-0.605425	0.247673	0.567566	-0.419197	0.708619	0.000168	0.002008	0.002952	0.279382	-0.366354	-0.1859	0.298861	0.0889	0.044377	-0.040424	0.789754	-0.110864	-0.603322	0.259265	0.951693	0.1645	0.55594	-0.286335	0.780347	2e-06	3e-05	2.9e-05	-3.5e-05	2.8e-05	8.5e-05	0.507978
0.032629	0.0267	-0.014773	-0.336592	0.671949	0.659688	-0.749325	-0.615405	0.244515	0.570277	-0.41202	0.710649	0.000146	0.001752	0.002574	-0.011045	0.009749	0.003699	0.298697	0.088905	0.044371	-0.040416	0.790149	-0.106548	-0.603582	0.253952	0.953178	0.164187	0.557828	-0.283013	0.780211	-0	-2.2e-05	-2e-05	-0.000271	5.3e-05	0.000139	0.507651
0.032622	0.026701	-0.014687	-0.342886	0.669555	0.658881	-0.745813	-0.620483	0.242409	0.571132	-0.408284	0.712118	-0.007922	0.001899	0.003432	-0.028726	0.116401	-0.168116	0.298697	0.088911	0.044371	-0.040416	0.789987	-0.106773	-0.603753	0.254174	0.953149	0.164013	0.557956	-0.283026	0.780115	-0	-1.3e-05	-9e-06	-0.000129	5.7e-05	0.000165	0.507651
0.032589	0.026716	-0.014534	-0.353694	0.666459	0.656301	-0.742737	-0.626604	0.236025	0.568542	-0.403979	0.71663	0.000104	0.001265	0.001855	0.105257	-0.141458	-0.087993	0.298534	0.088927	0.04437	-0.040417	0.790255	-0.102608	-0.604125	0.248972	0.954602	0.163545	0.559918	-0.279653	0.779926	3e-06	-5e-06	-5e-06	-0.000179	6.2e-05	0.000241	0.507651
0.032466	0.026758	-0.014452	-0.36566	0.662098	0.654154	-0.739272	-0.633611	0.228064	0.56548	-0.400204	0.721156	0.000102	0.001211	0.001777	-0.009009	-0.009371	0.023128	0.298371	0.088943	0.044366	-0.040415	0.789931	-0.10307	-0.60447	0.249437	0.954538	0.163208	0.560169	-0.2797	0.779729	0.000104	-0.005499	0.004194	-0.03578	0.012225	-0.018549	0.507651
0.03228	0.02679	-0.01441	-0.379683	0.660324	0.647929	-0.735289	-0.64043	0.221806	0.561418	-0.392199	0.72869	-3e-06	-5e-06	-2e-06	-0.012446	0.068227	-0.181772	0.295758	0.088959	0.044373	-0.040415	0.790233	-0.09883	-0.604783	0.244138	0.95598	0.162779	0.562074	-0.276284	0.779575	1e-06	-6e-06	-8e-06	-0.000183	4.2e-05	0.00021	0.507651
0.032152	0.02679	-0.014399	-0.385201	0.659539	0.645466	-0.734633	-0.642466	0.21806	0.55851	-0.390184	0.731998	-0.008087	-0.000125	0.000453	-0.004099	0.096669	-0.224188	0.294288	0.088965	0.044376	-0.040412	0.790063	-0.099073	-0.604966	0.244374	0.955952	0.162591	0.56221	-0.276295	0.779473	3e-06	4.1e-05	3.8e-05	-0.000132	2.7e-05	0.000178	0.507651
0.031921	0.0268	-0.014403	-0.395276	0.660457	0.638398	-0.73339	-0.645381	0.213589	0.553077	-0.383768	0.739477	-3e-06	-3.1e-05	-3.7e-05	0.156393	-0.124264	-0.317441	0.291676	0.088975	0.044376	-0.040413	0.789818	-0.099421	-0.605228	0.244712	0.955911	0.16232	0.562407	-0.27631	0.779326	3e-06	-6e-06	-8e-06	-7.3e-05	4e-05	0.000134	0.507651
0.031678	0.026805	-0.014386	-0.410849	0.65341	0.635812	-0.72567	-0.656542	0.205801	0.55191	-0.376837	0.7439	-0.008081	-6e-05	0.00054	0.008489	-0.008723	-0.049045	0.291349	0.088976	0.044386	-0.040404	0.791175	-0.098438	-0.603615	0.244422	0.955608	0.16453	0.560624	-0.27771	0.780114	1e-05	0.000163	0.000152	0.00318	-0.003683	0.003396	0.507488
0.031569	0.026798	-0.014379	-0.415355	0.653022	0.633277	-0.726114	-0.657353	0.201603	0.547939	-0.376095	0.747204	-0.0081	-0.000267	0.000232	-0.003301	0.006123	-0.040953	0.291023	0.088976	0.044394	-0.040396	0.791117	-0.098503	-0.60368	0.244475	0.955607	0.164455	0.560682	-0.277688	0.780079	3.2e-05	0.000624	0.000585	0.000417	-0.000534	0.00057	0.507325
0.0314	0.026798	-0.014365	-0.423644	0.652371	0.62844	-0.726951	-0.658772	0.193805	0.540432	-0.374741	0.753327	1.9e-05	0.00021	0.000315	0.160875	-0.22438	-0.138134	0.290043	0.088972	0.04441	-0.040374	0.79162	-0.093929	-0.603749	0.23888	0.957044	0.16432	0.562381	-0.274303	0.780053	2.6e-05	0.000505	0.000472	-0.00016	3.2e-05	0.000184	0.507325
0.031274	0.026794	-0.014334	-0.434217	0.649106	0.624592	-0.723529	-0.664358	0.187434	0.536618	-0.370524	0.758124	-0.007703	-0.004881	0.005685	0.059241	-0.113625	-0.13537	0.289553	0.088979	0.044433	-0.040345	0.791448	-0.09418	-0.603936	0.23914	0.957009	0.164149	0.562513	-0.27434	0.779946	5.1e-05	0.001002	0.000937	0.000714	-0.014447	0.025015	0.507161
0.031242	0.026793	-0.014269	-0.442349	0.646287	0.621803	-0.719964	-0.669315	0.183489	0.534768	-0.36651	0.761375	8.4e-05	0.000918	0.001342	0.012215	-0.023511	-0.017585	0.287104	0.08898	0.044448	-0.040318	0.791244	-0.094473	-0.604157	0.239454	0.956962	0.163963	0.562666	-0.274402	0.779813	4.3e-05	0.000835	0.000779	0.00075	-0.014468	0.02497	0.507325
0.031258	0.026791	-0.014208	-0.442091	0.646423	0.621846	-0.719882	-0.669279	0.183942	0.535093	-0.366337	0.761231	0.000494	-0.00356	0.006998	-0.041775	0.00637	0.012588	0.285307	0.088981	0.044457	-0.040309	0.79115	-0.094606	-0.60426	0.239582	0.956948	0.163858	0.562744	-0.274406	0.779756	9e-06	0.000185	0.000173	-4.7e-05	7e-06	7.2e-05	0.507325
0.031324	0.026743	-0.013963	-0.452551	0.641139	0.619788	-0.711956	-0.678282	0.181798	0.536949	-0.35899	0.76342	0.000593	-0.002464	0.008585	0.296483	-0.445463	-0.25202	0.283675	0.088982	0.044456	-0.040289	0.790987	-0.094838	-0.604437	0.239852	0.956902	0.163737	0.562858	-0.274489	0.779644	2.5e-05	0.000512	0.000479	-4.9e-05	3e-06	6.4e-05	0.507488
0.03138	0.026627	-0.013586	-0.459498	0.638367	0.617533	-0.707569	-0.683355	0.179918	0.536849	-0.354276	0.765689	0.00068	-0.001457	0.010027	-0.032399	-0.015555	-0.006234	0.283675	0.088982	0.044453	-0.040285	0.790849	-0.095033	-0.604586	0.240055	0.956873	0.163604	0.562965	-0.27452	0.779556	-1e-06	-1.8e-05	-1.5e-05	-3.1e-05	3.1e-05	6.8e-05	0.507488
0.031395	0.026575	-0.013362	-0.460921	0.63842	0.616417	-0.70736	-0.683751	0.179235	0.535903	-0.353416	0.766749	0.000735	-0.000856	0.010884	0.144255	-0.256578	-0.109067	0.283511	0.088982	0.044447	-0.040284	0.790795	-0.09511	-0.604645	0.240144	0.956858	0.163564	0.563003	-0.274548	0.779519	-2.6e-05	-0.000544	-0.000506	-1.8e-05	4.4e-05	7.2e-05	0.507651
0.031427	0.02645	-0.012807	-0.469208	0.635595	0.613076	-0.702844	-0.689099	0.176498	0.534651	-0.348082	0.770055	0.001163	-0.005064	0.016872	-0.027384	-0.070338	-0.028668	0.282368	0.088987	0.044445	-0.040286	0.789733	-0.093143	-0.606337	0.239815	0.956624	0.165399	0.564632	-0.27603	0.777816	1e-06	0	-0	0.0073	0.009792	0.003455	0.507488
0.031439	0.026283	-0.012193	-0.479475	0.632324	0.608497	-0.698142	-0.694973	0.172074	0.531696	-0.342313	0.774674	0.001159	-0.005043	0.016849	0.250343	-0.479234	-0.289532	0.281878	0.088987	0.044444	-0.04028	0.790144	-0.089981	-0.606279	0.235862	0.95763	0.165265	0.565721	-0.273582	0.777889	-3.7e-05	-1.7e-05	-2.9e-05	3.427445	-0.924333	-4.239814	0.507325
0.031457	0.026061	-0.011499	-0.492516	0.628816	0.601678	-0.693451	-0.701289	0.165281	0.525882	-0.335831	0.78145	0.001168	-0.004882	0.017025	0.139966	-0.297736	-0.160116	0.280735	0.088987	0.044443	-0.040273	0.790224	-0.088697	-0.606364	0.234273	0.958037	0.16517	0.566269	-0.272576	0.777843	2e-06	2.3e-05	2.1e-05	-0.000176	5.2e-05	0.000222	0.507488
0.031457	0.025934	-0.01114	-0.500343	0.625425	0.598748	-0.688801	-0.706523	0.162406	0.524603	-0.33116	0.784297	-0.006918	-0.005229	0.017109	0.07512	-0.230502	-0.224259	0.279756	0.088987	0.044443	-0.040273	0.790151	-0.088805	-0.606444	0.234378	0.958025	0.165088	0.566328	-0.272582	0.777799	1e-06	-7e-06	-7e-06	-0.000133	4.7e-05	0.00018	0.507325
0.031438	0.025676	-0.010452	-0.511003	0.621682	0.593622	-0.683506	-0.712648	0.157956	0.521242	-0.325029	0.789089	0.001427	-0.010922	0.020349	0.318753	-0.56771	-0.328173	0.277306	0.088987	0.044446	-0.040271	0.790067	-0.08893	-0.606535	0.2345	0.958011	0.164995	0.566395	-0.27259	0.777747	7e-06	7.6e-05	7.2e-05	-7.4e-05	3.4e-05	0.000117	0.507325
0.031442	0.025489	-0.009865	-0.519757	0.618384	0.589451	-0.678576	-0.718009	0.154907	0.519023	-0.319474	0.792811	0.001068	-0.005935	0.015422	-0.081262	0.015361	-0.011647	0.272408	0.088993	0.044449	-0.040268	0.790466	-0.084436	-0.606656	0.228948	0.959389	0.164786	0.568106	-0.269151	0.777696	2e-06	1.1e-05	1.1e-05	-0.000197	5.5e-05	0.000198	0.507161
0.031442	0.025412	-0.009597	-0.52496	0.615153	0.588219	-0.673937	-0.722527	0.154151	0.519831	-0.3155	0.793872	0.001024	-0.006416	0.014735	0.01537	-0.113144	-0.0822	0.271428	0.088988	0.044453	-0.040264	0.790395	-0.084541	-0.606735	0.22905	0.959378	0.164707	0.568164	-0.269157	0.777652	1e-06	1.3e-05	1.1e-05	-0.00014	3.7e-05	0.00017	0.506998
0.031457	0.025303	-0.009207	-0.531763	0.611616	0.585792	-0.669057	-0.727462	0.152183	0.51922	-0.311004	0.796044	0.00058	-0.002388	0.008494	0.236029	-0.366979	-0.194966	0.270938	0.088988	0.044456	-0.040261	0.790239	-0.084768	-0.606906	0.22927	0.959355	0.164533	0.568292	-0.269166	0.777556	1e-06	-1e-05	-9e-06	-7.4e-05	2.3e-05	0.000131	0.506835
0.031481	0.025256	-0.008945	-0.532342	0.611747	0.585129	-0.66872	-0.72772	0.152432	0.51906	-0.310142	0.796484	0.000187	0.002173	0.003018	0.000147	-0.010811	0.027458	0.271101	0.088988	0.044459	-0.040258	0.789596	-0.078163	-0.608627	0.223252	0.960472	0.166286	0.571572	-0.267176	0.775836	1e-06	0	3e-06	0.002876	0.11141	-0.167855	0.507161
0.031491	0.025249	-0.008875	-0.537946	0.608232	0.583667	-0.664433	-0.732043	0.150467	0.518789	-0.306865	0.797929	0.000106	0.001261	0.001746	0.056161	-0.093881	-0.023102	0.271101	0.088988	0.044461	-0.04025	0.789637	-0.078255	-0.608562	0.223278	0.96048	0.166205	0.571506	-0.267121	0.775904	1.4e-05	0.000269	0.00025	0.001086	0.001925	0.00101	0.506998
0.031494	0.025265	-0.008836	-0.541392	0.605056	0.583781	-0.660076	-0.735944	0.150616	0.520762	-0.303798	0.797817	2e-06	5.8e-05	7.7e-05	-0.000732	0.0016	0.001541	0.269142	0.088989	0.044468	-0.040243	0.789552	-0.07841	-0.608653	0.223417	0.960468	0.166087	0.571569	-0.267117	0.775858	1e-06	1.1e-05	1.1e-05	-0.000163	8.9e-05	0.000257	0.506998
0.031492	0.025255	-0.008867	-0.544938	0.601687	0.583963	-0.65569	-0.739884	0.150469	0.522601	-0.300903	0.797712	-5.3e-05	-0.000584	-0.00081	0.000443	0.000127	0.000684	0.261957	0.088989	0.044473	-0.040231	0.789529	-0.078453	-0.608678	0.223475	0.960456	0.16608	0.571579	-0.26715	0.77584	1.1e-05	0.000215	0.000199	-0.000126	3.2e-05	0.000147	0.506835
0.031481	0.025214	-0.008932	-0.546459	0.598391	0.585926	-0.650998	-0.74364	0.152313	0.526861	-0.298204	0.795921	-9.4e-05	-0.001065	-0.001476	0.011138	-0.012216	-0.004276	0.258691	0.088989	0.044473	-0.040231	0.789385	-0.078664	-0.608837	0.223678	0.960437	0.165917	0.571698	-0.267156	0.77575	0	-1.1e-05	-8e-06	0.00548	-0.099887	0.172007	0.506998
0.031479	0.025191	-0.008974	-0.546577	0.598338	0.58587	-0.65101	-0.743665	0.152142	0.526724	-0.298251	0.795994	-0.00013	-0.00146	-0.002031	0.002121	-0.002164	-0.000595	0.256405	0.088989	0.044473	-0.040231	0.789817	-0.074035	-0.608856	0.217977	0.961764	0.165815	0.5733	-0.263681	0.775757	3e-06	-7e-06	-7e-06	-0.000246	9e-05	0.000211	0.506998
0.031461	0.025145	-0.009064	-0.553843	0.592991	0.584481	-0.641897	-0.751191	0.153878	0.530306	-0.289953	0.796681	-0.00012	-0.001342	-0.001866	-0.016715	-0.013241	-0.002252	0.252486	0.088995	0.044473	-0.040231	0.789734	-0.074168	-0.608948	0.218106	0.961751	0.16572	0.573366	-0.26369	0.775705	5e-06	-5e-06	-5e-06	-0.000112	6e-05	0.000165	0.506835
0.031437	0.02511	-0.009147	-0.557356	0.589458	0.584716	-0.637409	-0.75506	0.1536	0.532037	-0.287093	0.796563	-0.000119	-0.001331	-0.001852	-0.001452	0.01375	-0.024882	0.246771	0.089006	0.044476	-0.040229	0.78963	-0.074329	-0.609063	0.218259	0.961737	0.165598	0.573451	-0.263695	0.77564	8e-06	9.4e-05	8.7e-05	-8e-05	1.6e-05	0.000114	0.506508
0.031422	0.025103	-0.00919	-0.560854	0.585929	0.584918	-0.632887	-0.758902	0.153363	0.533756	-0.284173	0.79646	-0.008448	0.004505	-0.004956	0.034612	0.004197	-0.010666	0.241382	0.089011	0.044477	-0.040228	0.789538	-0.074467	-0.609166	0.218391	0.961726	0.165491	0.573528	-0.263697	0.775582	3.4e-05	0.000623	0.000581	-7.5e-05	2.2e-05	0.000113	0.506998
0.031417	0.025125	-0.009266	-0.56434	0.582355	0.585134	-0.628442	-0.762672	0.15294	0.535331	-0.281412	0.796383	-0.000395	0.004581	-0.005446	0.034908	0.002786	-0.006789	0.230279	0.089028	0.044486	-0.040221	0.789483	-0.074554	-0.609226	0.218473	0.961719	0.165424	0.573572	-0.263699	0.775549	0.007163	1.5e-05	-0.000184	0.000925	-0.014697	0.029652	0.506835
0.031416	0.025155	-0.009358	-0.571153	0.575359	0.585445	-0.619513	-0.770051	0.152395	0.538505	-0.27565	0.796259	-8.8e-05	-0.000992	-0.001386	-0.086546	-0.019338	-0.121137	0.22391	0.089044	0.044501	-0.040214	0.789329	-0.074786	-0.609398	0.218678	0.961706	0.165224	0.573706	-0.263678	0.775457	3.5e-05	0.000671	0.000625	-4.6e-05	1.4e-05	8.7e-05	0.506835
0.031432	0.02521	-0.009478	-0.574502	0.57199	0.585469	-0.615302	-0.773512	0.151928	0.539769	-0.272957	0.796331	-0.000398	0.004516	-0.005536	0.03672	-0.010902	0.018471	0.209051	0.089067	0.044513	-0.040196	0.789241	-0.074925	-0.609494	0.218823	0.961688	0.165137	0.573771	-0.263705	0.775399	3.3e-05	0.000674	0.000629	-4e-05	1.9e-05	7.9e-05	0.506998
0.031446	0.025239	-0.009537	-0.577858	0.568464	0.5856	-0.610839	-0.777104	0.1516	0.541252	-0.270105	0.796296	-0.00039	0.00461	-0.005407	0.036699	-0.010961	0.01854	0.195824	0.089078	0.044526	-0.040185	0.789588	-0.070394	-0.609585	0.213206	0.96298	0.16496	0.575406	-0.260218	0.775366	4.1e-05	0.000822	0.000767	-0.00022	5.9e-05	0.000157	0.506998
0.031462	0.025301	-0.009665	-0.584444	0.561545	0.585741	-0.602013	-0.784077	0.151008	0.544063	-0.264368	0.796306	-9.3e-05	-0.001074	-0.001504	-0.009364	0.011862	-0.035516	0.167248	0.089117	0.044562	-0.040152	0.789398	-0.070696	-0.609797	0.213492	0.962956	0.164732	0.575562	-0.260225	0.775248	4.1e-05	0.000823	0.000767	-0.000108	3e-05	0.000148	0.506672
0.031457	0.025375	-0.00982	-0.58446	0.561527	0.585741	-0.602417	-0.783886	0.150381	0.543598	-0.264969	0.796424	-0.000444	0.004013	-0.006247	0.036671	-0.01093	0.018373	0.129855	0.089162	0.044598	-0.040113	0.789254	-0.07093	-0.609955	0.213726	0.96293	0.164576	0.575671	-0.260256	0.775157	6e-05	0.001206	0.001122	0.000735	-0.014443	0.024999	0.506508
0.031446	0.025431	-0.009982	-0.584468	0.561529	0.585731	-0.602807	-0.783696	0.149807	0.543156	-0.265525	0.79654	-0.000101	-0.001165	-0.001635	0.000168	2.5e-05	0.000253	0.071234	0.089207	0.044629	-0.040071	0.789059	-0.071243	-0.610171	0.21405	0.962892	0.164379	0.575819	-0.260312	0.775028	4.1e-05	0.000864	0.000803	-3.8e-05	1.7e-05	4.1e-05	0.506508
0.031441	0.025466	-0.01005	-0.584419	0.561697	0.58562	-0.603106	-0.783502	0.149626	0.542879	-0.265747	0.796655	-0.000404	0.004458	-0.005627	0.036564	-0.010951	0.018195	0.042658	0.089235	0.044642	-0.040053	0.78896	-0.0714	-0.610281	0.214213	0.962873	0.164278	0.575894	-0.260339	0.774963	2.9e-05	0.000617	0.000571	-2.7e-05	1.1e-05	3.8e-05	0.506835
0.031452	0.025534	-0.010151	-0.584398	0.561781	0.585559	-0.603477	-0.783295	0.149207	0.542488	-0.266176	0.796779	-3.6e-05	-0.000434	-0.00061	9.6e-05	2.6e-05	0.000139	-0.018086	0.08929	0.044667	-0.040024	0.788754	-0.071725	-0.610508	0.214532	0.962841	0.164048	0.576056	-0.260367	0.774833	4.6e-05	0.000919	0.000852	-1.5e-05	2e-06	4.7e-05	0.506508
0.031455	0.025581	-0.010201	-0.584522	0.563747	0.583543	-0.603829	-0.782633	0.151241	0.541962	-0.263957	0.797874	5e-06	2e-05	2.8e-05	0.001485	0.00179	-0.001278	-0.090751	0.089334	0.044687	-0.04	0.788531	-0.072072	-0.610756	0.214872	0.962808	0.163799	0.576236	-0.260395	0.774691	1.4e-05	0.000303	0.00028	-2.1e-05	9e-06	4.6e-05	0.506182
0.031459	0.025599	-0.010221	-0.58467	0.565621	0.581578	-0.60401	-0.782075	0.153394	0.541601	-0.261594	0.798897	3e-06	1.6e-05	2.3e-05	0.002869	0.003539	-0.002646	-0.133696	0.089356	0.044692	-0.039989	0.788929	-0.067452	-0.61077	0.209172	0.964076	0.163717	0.577787	-0.256917	0.774696	1.7e-05	0.000351	0.000324	-0.000198	4.8e-05	0.000135	0.506508
0.031512	0.025624	-0.010243	-0.587258	0.574752	0.569902	-0.60499	-0.779441	0.16266	0.537694	-0.249262	0.805452	0.008054	5e-05	-0.000528	-0.144372	-0.188293	0.159859	-0.204401	0.089395	0.044699	-0.039976	0.788818	-0.067638	-0.610892	0.209362	0.964055	0.1636	0.577868	-0.256949	0.774625	2.1e-05	0.000433	0.000399	-9.7e-05	2.1e-05	0.000103	0.506672
0.031603	0.025617	-0.010252	-0.586723	0.580622	0.564476	-0.606745	-0.776851	0.168413	0.536299	-0.243681	0.808085	-3.1e-05	-0.000364	-0.000511	0.001704	0.002217	-0.001444	-0.257797	0.089416	0.044692	-0.039963	0.788778	-0.067711	-0.610936	0.209475	0.964029	0.163608	0.577882	-0.257026	0.774589	0.000136	-0.004885	0.004764	-0.035756	0.012134	-0.018647	0.506345
0.031637	0.0256	-0.010279	-0.586604	0.583188	0.561948	-0.607374	-0.775776	0.171075	0.535715	-0.24096	0.809288	-0.000128	-0.001454	-0.002046	0.001775	0.018231	-0.028441	-0.287516	0.089422	0.04469	-0.039958	0.788695	-0.067839	-0.611029	0.20961	0.964013	0.163529	0.577946	-0.257053	0.774532	3.1e-05	0.000631	0.000586	0.000753	-0.014446	0.025	0.506508
0.03174	0.025528	-0.010388	-0.586945	0.588075	0.556473	-0.60774	-0.77414	0.177083	0.534926	-0.234253	0.811775	-0.000274	-0.002778	-0.003953	-1.499367	-1.869923	1.323645	-0.371611	0.089423	0.044686	-0.03994	0.788699	-0.067837	-0.611024	0.209653	0.963992	0.163594	0.577925	-0.257129	0.774523	6e-06	0.00015	0.000141	-5.4e-05	1.6e-05	7.9e-05	0.506345
0.031836	0.025417	-0.010597	-0.581831	0.595283	0.554175	-0.607828	-0.770995	0.190024	0.540385	-0.226282	0.810419	-0.00032	-0.003653	-0.005168	-0.208376	0.221242	0.320255	-0.470075	0.089418	0.044688	-0.039925	0.788696	-0.067842	-0.611027	0.209689	0.963978	0.16363	0.577917	-0.257181	0.774512	1.2e-05	0.000271	0.000252	-5.6e-05	7e-06	7e-05	0.506508
0.031984	0.025322	-0.010844	-0.570486	0.604436	0.556059	-0.609633	-0.765324	0.206457	0.550356	-0.221212	0.805091	-0.000323	-0.003724	-0.00529	-0.030564	-0.00519	0.206294	-0.56315	0.089429	0.044691	-0.039922	0.788664	-0.067894	-0.611063	0.209738	0.963974	0.163591	0.577943	-0.257181	0.774492	-1e-06	-1.6e-05	-1.4e-05	-4e-05	2.6e-05	7.4e-05	0.506672
0.032061	0.025274	-0.010971	-0.564616	0.607746	0.558437	-0.610745	-0.762752	0.212599	0.555156	-0.221027	0.80184	0.007764	-0.003513	-0.005619	-0.261952	0.26975	0.392294	-0.603973	0.089434	0.044688	-0.039925	0.788663	-0.067898	-0.611064	0.209741	0.963974	0.163588	0.577943	-0.257181	0.774492	-2e-06	-2.6e-05	-2.2e-05	-4e-05	2.2e-05	6.6e-05	0.506672
0.03222	0.02523	-0.011238	-0.556592	0.613501	0.560197	-0.613383	-0.758246	0.220958	0.560326	-0.220631	0.798345	0.007504	0.00259	-0.008938	0.03716	-0.00067	0.037224	-0.682189	0.08945	0.044687	-0.039926	0.78863	-0.067954	-0.611101	0.209793	0.96397	0.163546	0.57797	-0.257182	0.774472	-1e-06	-0	1e-06	-3.7e-05	1.3e-05	6.5e-05	0.506508
0.032328	0.025269	-0.011534	-0.550822	0.622057	0.556452	-0.615004	-0.753233	0.233257	0.564237	-0.213737	0.797465	-0.000555	0.002727	-0.008133	-0.068459	0.151657	0.074027	-0.769386	0.089466	0.044691	-0.03993	0.788588	-0.068021	-0.611146	0.20984	0.963972	0.163474	0.578009	-0.257157	0.774451	-0	-1e-06	2e-06	-3.1e-05	1.7e-05	6.1e-05	0.506508
0.032353	0.025347	-0.011697	-0.550827	0.626081	0.551915	-0.616063	-0.751128	0.237215	0.563075	-0.20935	0.799448	0.007587	0.003502	-0.007659	0.065196	-0.11556	0.185305	-0.79584	0.089471	0.044691	-0.03993	0.788577	-0.06804	-0.611158	0.209857	0.96397	0.16346	0.578018	-0.257157	0.774444	-0	-1e-06	1e-06	-2.5e-05	1.2e-05	6.4e-05	0.506508
0.032338	0.025652	-0.012082	-0.551575	0.633045	0.543155	-0.617927	-0.747509	0.243711	0.560294	-0.201206	0.803483	-0.000744	0.009771	-0.010091	0.066368	-0.030972	0.040851	-0.806617	0.089477	0.044691	-0.03993	0.788566	-0.068059	-0.611171	0.209874	0.963969	0.163446	0.578026	-0.257157	0.774438	0	-1e-06	-1e-06	-3.2e-05	1.3e-05	5.6e-05	0.506672
0.032271	0.026119	-0.012577	-0.554135	0.638707	0.533842	-0.615686	-0.746084	0.253551	0.560236	-0.188177	0.806674	-0.001124	0.014613	-0.015208	0.018334	-0.001125	0.136604	-0.811515	0.089482	0.044695	-0.039927	0.788545	-0.068092	-0.611194	0.209905	0.963967	0.16342	0.578044	-0.257157	0.774425	1e-06	-6e-06	-5e-06	-3.1e-05	1.6e-05	6.1e-05	0.506672
0.032142	0.026594	-0.013182	-0.560204	0.636771	0.529805	-0.599841	-0.752937	0.270694	0.57128	-0.166155	0.80376	-0.001272	0.012906	-0.017681	-0.141315	0.321175	0.22703	-0.824252	0.089488	0.044698	-0.039925	0.788524	-0.068126	-0.611218	0.209937	0.963964	0.163394	0.578062	-0.257157	0.774411	4e-06	3.5e-05	3.2e-05	-3.2e-05	1.7e-05	6e-05	0.506508
0.03208	0.026818	-0.013537	-0.559405	0.637002	0.53037	-0.592187	-0.754844	0.282001	0.579982	-0.156326	0.799488	-0.009412	0.011999	-0.018378	-0.079726	0.265797	0.16939	-0.829641	0.089488	0.044704	-0.039919	0.788341	-0.067874	-0.611481	0.209916	0.963928	0.163634	0.578318	-0.257359	0.774153	1.5e-05	0.000282	0.000262	-0.245398	-0.469366	-0.264353	0.506508
0.032028	0.027219	-0.014276	-0.55221	0.640651	0.533507	-0.582684	-0.754254	0.30262	0.596274	-0.143756	0.789804	-0.001441	0.011005	-0.020491	-0.345074	0.341179	0.353798	-0.8574	0.089489	0.04472	-0.039904	0.787356	-0.066318	-0.612919	0.209692	0.963728	0.165095	0.579739	-0.258513	0.772704	1.6e-05	0.000315	0.000292	0.00232	0.003416	0.001395	0.506508
0.032039	0.027542	-0.014998	-0.546016	0.644356	0.535415	-0.574335	-0.753178	0.32072	0.609922	-0.13239	0.781324	-0.001457	0.010809	-0.020841	-1.263931	-0.001561	-0.796482	-0.874872	0.08949	0.044741	-0.039885	0.7873	-0.06645	-0.612977	0.209796	0.963724	0.164986	0.579778	-0.258494	0.772681	4.4e-05	0.000912	0.000847	0.000759	-0.014372	0.025066	0.506835
0.032063	0.027683	-0.015354	-0.542488	0.647805	0.534841	-0.571617	-0.751202	0.330073	0.615597	-0.126664	0.777815	-0.001128	0.005407	-0.016546	-0.036768	0.080395	0.277055	-0.876178	0.089496	0.044751	-0.039876	0.787259	-0.066518	-0.613024	0.209861	0.963719	0.164936	0.579812	-0.258497	0.772656	4e-05	0.000803	0.000744	0.000735	-0.014436	0.025006	0.506672
0.032108	0.027968	-0.016018	-0.536787	0.651745	0.535805	-0.565978	-0.749125	0.344208	0.625721	-0.118488	0.770994	0.007011	0.006337	-0.015855	-0.395488	0.176486	0.659168	-0.893161	0.089507	0.044762	-0.039866	0.787206	-0.066602	-0.613082	0.20994	0.963712	0.164872	0.579855	-0.258498	0.772623	2e-05	0.000425	0.000394	-5.7e-05	6e-06	8.2e-05	0.506835
0.032095	0.028268	-0.016657	-0.529743	0.655836	0.53782	-0.563018	-0.746158	0.355328	0.634336	-0.11457	0.76452	-0.001065	0.006182	-0.015492	-0.304246	0.440571	0.248997	-0.890875	0.089523	0.044762	-0.039866	0.787172	-0.066658	-0.613119	0.209991	0.963708	0.164829	0.579881	-0.258499	0.772602	-1e-06	-1.7e-05	-1.4e-05	-3.6e-05	3.5e-05	9.5e-05	0.506508
0.032044	0.028625	-0.017284	-0.519299	0.665497	0.536135	-0.564112	-0.738199	0.369917	0.641953	-0.110343	0.758761	-0.000943	0.007556	-0.013485	0.064734	-0.050958	0.226634	-0.884506	0.08955	0.044758	-0.03987	0.787127	-0.066736	-0.613168	0.210062	0.963703	0.16477	0.579917	-0.258499	0.772576	1e-06	-2e-06	1e-06	-3.6e-05	3.6e-05	8.8e-05	0.506508
0.032003	0.028839	-0.017614	-0.517198	0.664924	0.538871	-0.560051	-0.739037	0.374387	0.647185	-0.108164	0.75462	-0.001297	0.012792	-0.018074	0.006622	0.120194	0.127314	-0.887282	0.089566	0.044758	-0.039871	0.787094	-0.066791	-0.613204	0.210113	0.963699	0.164728	0.579943	-0.258499	0.772556	1e-06	-1e-06	-0	-4.8e-05	5e-06	8.4e-05	0.506672
0.031963	0.029234	-0.018262	-0.509192	0.670201	0.539957	-0.561415	-0.734174	0.381838	0.652331	-0.108711	0.750096	-0.001376	0.011946	-0.019372	0.056821	0.069653	0.060082	-0.882873	0.089593	0.044758	-0.039872	0.787039	-0.066884	-0.613265	0.210198	0.963692	0.164657	0.579987	-0.258499	0.772522	2e-06	-1e-06	-2e-06	-4.6e-05	3.1e-05	8.1e-05	0.506345
0.031952	0.029578	-0.018943	-0.502789	0.672297	0.54334	-0.562125	-0.731807	0.385321	0.65667	-0.11169	0.74586	-0.001113	0.005744	-0.016284	-0.29112	0.45406	0.289799	-0.881077	0.089619	0.044761	-0.03987	0.786973	-0.066992	-0.613338	0.210297	0.963685	0.164574	0.58004	-0.258499	0.772483	4e-06	6.5e-05	5.9e-05	-4.5e-05	1.6e-05	8.3e-05	0.506508
0.031944	0.029743	-0.019313	-0.497861	0.673946	0.545829	-0.562055	-0.730048	0.388744	0.660475	-0.113245	0.742258	-0.001505	0.010563	-0.021531	-0.262105	0.404617	0.261561	-0.877648	0.08963	0.044761	-0.03987	0.786951	-0.067029	-0.613362	0.210331	0.963682	0.164546	0.580058	-0.258499	0.77247	1e-06	-7e-06	-6e-06	-4e-05	2.9e-05	8.4e-05	0.506182
0.031908	0.030038	-0.020117	-0.483781	0.682319	0.548084	-0.561276	-0.722388	0.403887	0.671509	-0.112234	0.732446	-0.001289	0.003861	-0.019242	-0.356797	0.503007	0.305129	-0.868504	0.08963	0.044764	-0.039867	0.786941	-0.067044	-0.613373	0.210346	0.963681	0.164534	0.580066	-0.258499	0.772463	2e-06	6e-06	4e-06	-4.6e-05	2.1e-05	8e-05	0.506508
0.031867	0.030339	-0.021067	-0.45884	0.69682	0.551278	-0.563704	-0.707888	0.425594	0.686805	-0.115479	0.717608	-0.001741	0.008023	-0.025592	0.654908	1.031571	1.688978	-0.844663	0.08963	0.044764	-0.039867	0.78687	-0.067149	-0.613453	0.210445	0.963674	0.164452	0.580126	-0.2585	0.772418	4e-06	-6e-06	-7e-06	-3.4e-05	2.9e-05	8.9e-05	0.506345
0.031838	0.030552	-0.021575	-0.417458	0.72075	0.553395	-0.590988	-0.677954	0.437161	0.690261	-0.144554	0.708973	-0.001928	0.014225	-0.028819	2.970269	2.970883	4.934264	-0.83405	0.08963	0.044764	-0.039867	0.78687	-0.067149	-0.613453	0.210445	0.963674	0.164452	0.580126	-0.2585	0.772418	5e-06	-5e-06	-7e-06	-3.8e-05	3e-05	8.6e-05	0.506508
0.031719	0.031263	-0.022751	-0.255665	0.79208	0.554295	-0.689918	-0.551126	0.469332	0.677235	-0.262426	0.687374	-0.010178	0.02086	-0.030955	3.659172	4.169394	6.442731	-0.839112	0.089635	0.044772	-0.039874	0.786843	-0.06719	-0.613483	0.210453	0.963684	0.164379	0.580161	-0.25845	0.772409	5e-06	-4e-06	-4e-06	-3.4e-05	3.3e-05	8.4e-05	0.506508
0.031436	0.032148	-0.024086	0.00395	0.827023	0.562152	-0.798249	-0.335989	0.499907	0.602313	-0.450713	0.658844	-0.0105	0.01913	-0.033454	0.642597	2.100157	2.425038	-0.876832	0.089635	0.044776	-0.039877	0.786835	-0.067201	-0.613493	0.210449	0.96369	0.164349	0.580173	-0.258425	0.772408	5e-06	-3e-06	-5e-06	-3.3e-05	3.1e-05	8.4e-05	0.506508
