0.025314	0.019865	-0.009561	0.731025	0.103934	0.674388	-0.478299	0.78293	0.397806	-0.486653	-0.613366	0.622053	-1.6e-05	-0.000138	-0.000158	-5e-06	7e-06	-4e-06	-0.557272	0.084408	0.035731	-0.032432	0.679707	-0.626393	-0.381613	0.648054	0.756545	-0.087545	0.343545	-0.1878	0.920166	-4e-06	-7.1e-05	-5.4e-05	-0	-6e-06	1e-06	0.094036
0.025319	0.019856	-0.009571	0.730999	0.10395	0.674414	-0.478326	0.782925	0.397784	-0.486666	-0.613369	0.622039	-1.6e-05	-0.000137	-0.000157	-4e-06	7e-06	-9e-06	-0.555149	0.084407	0.035724	-0.032437	0.679739	-0.626367	-0.381599	0.648028	0.75657	-0.087529	0.343532	-0.18779	0.920173	0	1e-06	-1e-06	1e-06	1e-06	1e-06	0.099915
0.025312	0.019852	-0.009576	0.730955	0.103977	0.674458	-0.478372	0.782916	0.397746	-0.486688	-0.613376	0.622016	-6.7e-05	-0.000578	-0.00066	-4e-06	-1e-06	-2e-06	-0.553353	0.084407	0.035724	-0.032437	0.679739	-0.626367	-0.381599	0.648027	0.75657	-0.087529	0.343532	-0.187789	0.920174	1e-06	1.5e-05	9e-06	-5e-06	5e-06	4e-06	0.103181
0.025311	0.019845	-0.009584	0.731023	0.103934	0.67439	-0.478301	0.78293	0.397804	-0.486654	-0.613366	0.622052	-1e-05	-8.8e-05	-0.0001	-5e-06	-8e-06	6e-06	-0.544372	0.084413	0.035728	-0.032434	0.679705	-0.626395	-0.381614	0.648055	0.756544	-0.087546	0.343547	-0.187801	0.920166	1e-06	9.5e-05	7.1e-05	-2e-05	-1.8e-05	-3e-06	0.109386
0.025311	0.01984	-0.00959	0.730995	0.103952	0.674417	-0.47833	0.782924	0.39778	-0.486668	-0.61337	0.622037	-2.7e-05	-0.000231	-0.000266	-1.5e-05	-1e-05	2.4e-05	-0.5269	0.084407	0.035724	-0.032437	0.679755	-0.626354	-0.381592	0.648014	0.756582	-0.087521	0.343525	-0.187784	0.920177	-3.8e-05	-0.0007	-0.000522	-0.000882	0.012399	-0.025996	0.116081
0.025311	0.019839	-0.009591	0.730995	0.103952	0.674417	-0.47833	0.782924	0.397781	-0.486667	-0.61337	0.622037	2e-06	1e-05	1.2e-05	2e-06	-7e-06	6e-06	-0.519715	0.084407	0.035724	-0.032443	0.679743	-0.626364	-0.381598	0.648015	0.756578	-0.087551	0.343548	-0.187769	0.920172	-1e-06	-0	-1e-06	3e-06	-2e-06	5e-06	0.11902
0.025311	0.019839	-0.009591	0.730995	0.103953	0.674417	-0.478331	0.782923	0.39778	-0.486667	-0.61337	0.622038	4e-06	6e-06	8e-06	-2e-06	9e-06	1.6e-05	-0.508611	0.084407	0.035717	-0.032448	0.679774	-0.626338	-0.381584	0.647989	0.756602	-0.087535	0.343534	-0.187758	0.920179	-1e-06	-8e-06	-6e-06	-6e-06	-5e-06	-1e-06	0.125388
0.025311	0.019839	-0.009591	0.730995	0.103953	0.674417	-0.478331	0.782923	0.39778	-0.486667	-0.613371	0.622038	6e-06	3e-06	7e-06	4e-06	1.3e-05	1.2e-05	-0.498651	0.084406	0.035712	-0.032458	0.679809	-0.626309	-0.38157	0.647951	0.756634	-0.087541	0.343537	-0.187727	0.920184	-2.5e-05	-0.00049	-0.000364	8e-06	-5e-06	2e-06	0.130613
0.025311	0.019839	-0.009591	0.730995	0.103953	0.674417	-0.478331	0.782923	0.39778	-0.486667	-0.613371	0.622038	6e-06	3e-06	7e-06	2e-06	5e-06	1.9e-05	-0.493915	0.084406	0.03571	-0.03246	0.679809	-0.626309	-0.38157	0.647951	0.756634	-0.087541	0.343537	-0.187727	0.920184	1e-06	1.2e-05	1e-05	2e-06	4e-06	0	0.133063
0.025311	0.019839	-0.009591	0.730995	0.103953	0.674417	-0.478331	0.782923	0.39778	-0.486667	-0.613371	0.622038	6e-06	3e-06	7e-06	2e-06	5e-06	1.9e-05	-0.487384	0.084406	0.035711	-0.032466	0.679813	-0.626305	-0.381569	0.647938	0.756642	-0.087564	0.343553	-0.187706	0.920183	-1e-06	1.3e-05	9e-06	-1.2e-05	-1.7e-05	-4e-06	0.139105
0.02531	0.019836	-0.009594	0.730981	0.103962	0.674431	-0.478346	0.782921	0.397768	-0.486674	-0.613373	0.62203	4e-06	5e-06	8e-06	-1e-06	6e-06	1.7e-05	-0.484118	0.084406	0.035719	-0.032466	0.679785	-0.626327	-0.381582	0.647952	0.756626	-0.087602	0.343583	-0.187696	0.920173	-1e-06	4.7e-05	3.5e-05	-7e-06	-1e-06	0	0.145963
0.025305	0.019836	-0.009594	0.730951	0.103981	0.674461	-0.478377	0.782915	0.397743	-0.486688	-0.613377	0.622014	-6.2e-05	-0.000574	-0.000654	-0.001764	0.013516	-0.025374	-0.482811	0.084406	0.035715	-0.032463	0.680009	-0.627637	-0.379023	0.648389	0.756113	-0.088792	0.342314	-0.185376	0.921116	-2e-06	-2e-06	-1e-06	-0.001685	-0.004239	-0.001251	0.152821
0.025304	0.019834	-0.009597	0.730951	0.103981	0.674461	-0.478377	0.782915	0.397743	-0.486688	-0.613377	0.622014	3e-06	0	3e-06	1e-05	1.1e-05	-2e-06	-0.482322	0.084406	0.035715	-0.032463	0.680004	-0.627621	-0.379056	0.648386	0.756118	-0.088775	0.342329	-0.185408	0.921104	-0	-1e-06	-2e-06	-0.000186	-0.000585	-0.000283	0.156413
0.025304	0.019834	-0.009597	0.730951	0.103981	0.674461	-0.478377	0.782915	0.397743	-0.486688	-0.613377	0.622014	4e-06	4e-06	7e-06	6e-06	-2e-06	1.8e-05	-0.473341	0.084406	0.035715	-0.032463	0.680007	-0.627615	-0.379062	0.648381	0.756122	-0.088772	0.342332	-0.185411	0.921102	2e-06	-1e-06	-1e-06	2.5e-05	1.8e-05	-7.5e-05	0.161149
0.025304	0.019834	-0.009597	0.730951	0.103981	0.674461	-0.478377	0.782915	0.397743	-0.486688	-0.613377	0.622014	5e-06	2e-06	6e-06	7e-06	5e-06	1.5e-05	-0.463053	0.084406	0.035715	-0.032463	0.679898	-0.627705	-0.379109	0.648471	0.756039	-0.088827	0.342379	-0.185448	0.921078	3e-06	-2e-06	-2e-06	4.9e-05	8e-06	-6.1e-05	0.165068
0.025304	0.019834	-0.009597	0.730951	0.103981	0.674461	-0.478377	0.782915	0.397743	-0.486688	-0.613377	0.622014	5e-06	2e-06	6e-06	7e-06	5e-06	1.5e-05	-0.457665	0.084406	0.035715	-0.032463	0.679898	-0.627705	-0.379109	0.648471	0.756039	-0.088827	0.342379	-0.185448	0.921078	3e-06	-2e-06	-2e-06	4.9e-05	8e-06	-6.1e-05	0.166864
0.025305	0.019838	-0.009592	0.731076	0.103903	0.674337	-0.478247	0.782939	0.39785	-0.486628	-0.613359	0.62208	5.7e-05	0.000477	0.000546	0.012221	-0.093241	0.175258	-0.431375	0.084411	0.035711	-0.032466	0.679897	-0.627706	-0.37911	0.648472	0.756038	-0.088829	0.34238	-0.185448	0.921077	1e-06	-1.1e-05	-8e-06	2.7e-05	1.3e-05	-5.5e-05	0.171109
0.025312	0.019849	-0.009579	0.731051	0.103918	0.674362	-0.478273	0.782935	0.397828	-0.48664	-0.613362	0.622067	8.2e-05	0.000692	0.000793	-2e-06	1e-06	2.1e-05	-0.363609	0.084411	0.035711	-0.032466	0.681041	-0.627154	-0.377967	0.648602	0.756238	-0.086127	0.339848	-0.186494	0.921803	-2e-06	4e-06	5e-06	0.004178	-0.002187	0.001337	0.175845
0.025337	0.019864	-0.009563	0.730242	0.112337	0.673889	-0.487183	0.777143	0.398373	-0.478956	-0.619216	0.622231	6.3e-05	0.000538	0.000614	0.000645	0.000341	-0.000613	-0.25747	0.084411	0.035707	-0.032468	0.681144	-0.62706	-0.377936	0.648493	0.756332	-0.086121	0.339849	-0.186428	0.921816	-2e-06	7e-06	7e-06	0.00012	-7.6e-05	-6e-06	0.179927
0.025354	0.019865	-0.009563	0.727676	0.132221	0.673055	-0.508103	0.763076	0.399432	-0.460779	-0.632639	0.622454	-3.3e-05	-0.000118	4e-06	-3.860564	-2.337599	-3.260244	-0.204238	0.084411	0.035708	-0.032468	0.681144	-0.62706	-0.377937	0.648493	0.756332	-0.086122	0.33985	-0.186428	0.921816	-4e-06	6e-06	5e-06	2e-05	-3.3e-05	-4.2e-05	0.182213
0.025411	0.019855	-0.009578	0.71652	0.191876	0.670658	-0.568928	0.717053	0.402684	-0.403632	-0.670087	0.622947	0.007634	-0.000439	-0.00094	-1.188789	-0.740491	-0.974928	-0.084219	0.084411	0.035708	-0.032468	0.681144	-0.62706	-0.377937	0.648493	0.756332	-0.086122	0.33985	-0.186428	0.921816	-5e-06	4e-06	5e-06	9e-06	-1.9e-05	-4.3e-05	0.186132
0.025489	0.019832	-0.009609	0.704471	0.237265	0.668898	-0.613177	0.678062	0.405272	-0.357398	-0.695655	0.623161	0.00755	-0.001188	-0.001799	-1.159854	-0.707766	-0.971784	0.021103	0.084411	0.035708	-0.032468	0.681144	-0.62706	-0.377937	0.648493	0.756332	-0.086122	0.33985	-0.186428	0.921816	-6e-06	4e-06	4e-06	9e-06	-1.9e-05	-4.3e-05	0.195766
0.025556	0.019816	-0.009631	0.702084	0.245688	0.668367	-0.621061	0.670444	0.40594	-0.348368	-0.700101	0.623295	0.007612	-0.000689	-0.001238	0.004848	-0.013822	0.029847	0.08299	0.084411	0.035708	-0.032468	0.681144	-0.62706	-0.377937	0.648493	0.756332	-0.086122	0.33985	-0.186428	0.921816	-6e-06	4e-06	4e-06	9e-06	-1.9e-05	-4.3e-05	0.199522
0.025754	0.019782	-0.009681	0.702581	0.257401	0.663418	-0.629533	0.659479	0.410823	-0.331764	-0.70628	0.62538	0.00755	-0.001237	-0.001869	-0.064255	-0.167909	0.202182	0.229135	0.084416	0.035707	-0.032469	0.681126	-0.627075	-0.377945	0.648508	0.756319	-0.086131	0.339858	-0.186434	0.921812	-6e-06	3e-06	5e-06	1.1e-05	-1.5e-05	-4.2e-05	0.205727
0.025996	0.019731	-0.009755	0.708684	0.268944	0.652254	-0.633917	0.648552	0.421342	-0.309703	-0.712073	0.630106	0.007513	-0.001594	-0.002286	0.007657	-0.005738	0.020425	0.356665	0.084416	0.035704	-0.032471	0.681142	-0.627061	-0.377939	0.648494	0.756331	-0.086123	0.339852	-0.186429	0.921815	-3e-06	-0	1e-06	2.1e-05	6e-06	-2.9e-05	0.210136
0.026119	0.019699	-0.009799	0.717401	0.272401	0.641196	-0.630501	0.645348	0.431269	-0.296316	-0.713668	0.634722	-0.000158	-0.001443	-0.001671	-0.222996	-0.563973	0.666262	0.409408	0.084416	0.035704	-0.032471	0.681142	-0.627061	-0.377938	0.648494	0.756331	-0.086123	0.339851	-0.186429	0.921815	-3e-06	7e-06	8e-06	9e-06	-1.3e-05	-3.5e-05	0.211606
0.02636	0.019632	-0.009899	0.733265	0.278967	0.620079	-0.623378	0.639984	0.449243	-0.271517	-0.715958	0.64318	0.007484	-0.001928	-0.002679	0.01897	-0.099961	0.196828	0.484522	0.084416	0.035704	-0.032471	0.681142	-0.627061	-0.377938	0.648494	0.756331	-0.086123	0.339852	-0.186429	0.921815	-5e-06	4e-06	6e-06	6e-06	-1.3e-05	-3.5e-05	0.214382
0.026446	0.019523	-0.010031	0.739765	0.277242	0.613094	-0.617325	0.642139	0.454494	-0.267687	-0.714697	0.646181	-0.000407	-0.003721	-0.004298	0.011344	-0.078857	0.150022	0.513424	0.084416	0.035704	-0.032471	0.681142	-0.627061	-0.377938	0.648494	0.756331	-0.086123	0.339852	-0.186428	0.921815	-6e-06	4e-06	5e-06	3e-06	-1.6e-05	-3.6e-05	0.218137
0.026356	0.019359	-0.010249	0.740997	0.276801	0.611803	-0.616053	0.642764	0.455337	-0.267208	-0.714307	0.646811	-0.000562	-0.005097	-0.005907	-0.001337	0.013865	-0.024926	0.5162	0.084416	0.0357	-0.032474	0.681159	-0.627048	-0.377931	0.64848	0.756344	-0.086115	0.339845	-0.186423	0.921819	-4e-06	8e-06	7e-06	-2e-06	-1.8e-05	-3.3e-05	0.22173
0.026275	0.019272	-0.010369	0.74222	0.276951	0.610251	-0.615232	0.642632	0.456631	-0.265703	-0.714367	0.647364	-0.008494	0.000579	-0.009464	0.034577	0.021269	-0.04079	0.513098	0.084421	0.035697	-0.032477	0.681157	-0.627049	-0.377933	0.648482	0.756342	-0.086116	0.339846	-0.186424	0.921818	-5e-06	-2.3e-05	-1.8e-05	-1e-06	-9e-06	-2.6e-05	0.223036
0.026176	0.019159	-0.010567	0.746957	0.276993	0.604424	-0.611622	0.642746	0.461298	-0.260715	-0.714249	0.649519	-0.000279	-0.002523	-0.002936	-0.064459	-0.165683	0.194288	0.499218	0.08442	0.035697	-0.032483	0.68116	-0.627045	-0.377932	0.648469	0.756351	-0.086139	0.339862	-0.186403	0.921816	-2e-06	9e-06	8e-06	1e-05	-1.4e-05	-1.8e-05	0.225159
0.026166	0.019174	-0.010692	0.758876	0.276166	0.589778	-0.60159	0.644092	0.472475	-0.24939	-0.713355	0.654926	-0.000261	0.005251	-0.004489	-0.0267	-0.174458	0.208327	0.486645	0.084421	0.035698	-0.032482	0.681145	-0.627058	-0.377939	0.648482	0.756339	-0.086147	0.339869	-0.186408	0.921813	2.9e-05	0.000695	0.000521	-2.7e-05	-2.5e-05	-2.9e-05	0.226792
0.026187	0.019231	-0.01073	0.76505	0.275593	0.582019	-0.596096	0.645034	0.478121	-0.243655	-0.712726	0.657764	0.000112	0.000964	0.001125	-0.22307	-0.573232	0.667151	0.483216	0.084421	0.035697	-0.032476	0.681157	-0.627048	-0.377933	0.648481	0.756343	-0.086116	0.339847	-0.186423	0.921818	-4e-06	7e-06	5e-06	-6e-06	-9e-06	-1.5e-05	0.227118
0.026246	0.019433	-0.010777	0.77306	0.274397	0.571911	-0.588354	0.647168	0.48478	-0.237101	-0.711251	0.661743	-3.4e-05	0.007289	-0.002114	0.040225	-0.020566	0.038187	0.481093	0.084415	0.035701	-0.03248	0.681163	-0.627043	-0.377931	0.648467	0.756353	-0.086137	0.339861	-0.186402	0.921817	-1e-06	-2e-06	-0	3e-06	-5e-06	-1.3e-05	0.227771
0.026321	0.019681	-0.010835	0.778447	0.271257	0.566073	-0.582569	0.648008	0.490611	-0.233739	-0.711691	0.662465	-1.8e-05	0.007449	-0.001936	0.049367	-0.029208	0.036988	0.47995	0.084415	0.035697	-0.032482	0.681179	-0.62703	-0.377924	0.648454	0.756365	-0.08613	0.339855	-0.186397	0.92182	-1e-06	-2.2e-05	-1.7e-05	5e-06	4e-06	-8e-06	0.228425
0.026445	0.019995	-0.010947	0.782837	0.270863	0.560176	-0.578038	0.649789	0.493604	-0.230298	-0.710215	0.665249	0.007656	0.007258	-0.002611	0.039739	-0.02431	0.043807	0.478807	0.084421	0.0357	-0.03248	0.681145	-0.627058	-0.377939	0.648481	0.756339	-0.086147	0.339869	-0.186408	0.921813	8e-06	0.000216	0.000162	-9e-06	-5e-06	-1.2e-05	0.230057
0.026516	0.020193	-0.011046	0.785115	0.268359	0.558191	-0.575309	0.649773	0.496803	-0.229377	-0.71118	0.664536	0.007358	0.012294	-0.007353	0.033216	0.010895	0.126617	0.47799	0.084421	0.035701	-0.03248	0.681145	-0.627057	-0.377939	0.648481	0.756339	-0.086147	0.339869	-0.186408	0.921813	-2e-06	-2e-06	-1e-06	-6e-06	-1e-06	-7e-06	0.231037
0.026646	0.020645	-0.01134	0.793373	0.265217	0.547921	-0.566312	0.651702	0.504553	-0.223265	-0.710593	0.667239	0.007275	0.011624	-0.008131	0.064579	-0.076923	0.124237	0.473092	0.08442	0.035697	-0.032483	0.681161	-0.627044	-0.377932	0.648468	0.756352	-0.086139	0.339863	-0.186403	0.921816	1e-06	2e-06	1e-06	6e-06	0	-3e-06	0.232833
0.026767	0.021214	-0.011752	0.800819	0.259683	0.539678	-0.557145	0.653611	0.512231	-0.219722	-0.710884	0.668105	-0.000694	0.016755	-0.012299	0.13185	-0.040628	0.04721	0.465744	0.08442	0.035697	-0.032483	0.681161	-0.627044	-0.377932	0.648468	0.756352	-0.086139	0.339863	-0.186403	0.921816	-2e-06	3e-06	2e-06	-4e-06	-7e-06	-6e-06	0.23365
0.026835	0.021536	-0.011986	0.805293	0.256979	0.534287	-0.55172	0.654725	0.516662	-0.21704	-0.710842	0.669026	0.006969	0.016743	-0.012768	0.106795	-0.023382	0.094585	0.463621	0.08442	0.035697	-0.032483	0.681161	-0.627044	-0.377932	0.648468	0.756352	-0.086139	0.339863	-0.186403	0.921816	-2e-06	3e-06	2e-06	-4e-06	-7e-06	-6e-06	0.233976
0.02699	0.022234	-0.012512	0.809367	0.251701	0.530631	-0.545482	0.65701	0.520371	-0.217652	-0.710622	0.669061	-0.000669	0.017042	-0.011962	0.099529	-0.019801	0.099512	0.461498	0.084421	0.035701	-0.03248	0.681146	-0.627057	-0.377939	0.648481	0.75634	-0.086147	0.33987	-0.186408	0.921813	-0	1.9e-05	1.4e-05	-8e-06	0	-3e-06	0.23365
0.027174	0.022876	-0.013002	0.811028	0.249039	0.52935	-0.542217	0.659702	0.520377	-0.21962	-0.709064	0.67007	0.006885	0.016294	-0.013288	0.127899	-0.060272	0.079079	0.460192	0.084415	0.035701	-0.03248	0.681164	-0.627042	-0.377931	0.648466	0.756353	-0.086137	0.339862	-0.186402	0.921817	-0	-3e-06	-2e-06	3e-06	0	-1e-06	0.23365
0.027383	0.023426	-0.013456	0.811379	0.2492	0.528736	-0.541049	0.662506	0.518027	-0.221199	-0.706388	0.672373	0.006843	0.016087	-0.013523	0.099177	0.045905	-0.091744	0.459702	0.08442	0.035701	-0.03248	0.681146	-0.627057	-0.377939	0.648481	0.75634	-0.086146	0.33987	-0.186408	0.921813	2e-06	-2e-06	-2e-06	7e-06	8e-06	1e-06	0.233486
0.027509	0.023664	-0.013656	0.81148	0.249226	0.528569	-0.540603	0.663637	0.517042	-0.221918	-0.705316	0.673261	0.007109	0.010785	-0.009106	0.062447	0.058467	-0.108864	0.459702	0.08442	0.035701	-0.03248	0.681146	-0.627057	-0.377939	0.648481	0.75634	-0.086146	0.339869	-0.186408	0.921813	2e-06	-2e-06	-2e-06	9e-06	6e-06	2e-06	0.233486
0.02779	0.024022	-0.01395	0.81183	0.249165	0.528061	-0.539689	0.665392	0.515741	-0.222863	-0.703683	0.674656	0.007385	0.005607	-0.004549	0.026173	0.071007	-0.125981	0.459539	0.084415	0.035697	-0.032476	0.681176	-0.627033	-0.377925	0.648465	0.756357	-0.086107	0.339839	-0.186417	0.921822	2e-06	-2e-06	-2e-06	5e-06	6e-06	0	0.233323
0.028116	0.024221	-0.014144	0.812077	0.249085	0.527718	-0.539089	0.66644	0.515014	-0.223411	-0.702719	0.67548	0.00761	-0.000142	-0.000655	0.001847	-0.015409	0.029023	0.459865	0.084416	0.035701	-0.032473	0.68116	-0.627046	-0.377932	0.648478	0.756346	-0.086115	0.339846	-0.186422	0.921818	2e-06	2.7e-05	2e-05	1e-06	5e-06	0	0.23267
0.028298	0.024247	-0.014174	0.812344	0.248961	0.527365	-0.538717	0.666671	0.515105	-0.223339	-0.702543	0.675685	0.007625	3.2e-05	-0.00046	0.001893	-0.015369	0.029053	0.460518	0.084416	0.035701	-0.032473	0.68116	-0.627046	-0.377932	0.648478	0.756346	-0.086115	0.339845	-0.186422	0.921818	1e-06	-6e-06	-5e-06	6e-06	8e-06	4e-06	0.23267
0.028689	0.024253	-0.01416	0.813319	0.248513	0.526071	-0.537506	0.667038	0.515893	-0.222703	-0.702353	0.676093	0.007708	0.000976	0.000624	0.003702	-0.02963	0.05407	0.461825	0.084415	0.035697	-0.032476	0.681176	-0.627033	-0.377925	0.648465	0.756358	-0.086107	0.339839	-0.186417	0.921822	2e-06	1e-06	1e-06	4e-06	6e-06	2e-06	0.232343
0.029105	0.024289	-0.014131	0.813929	0.248207	0.525273	-0.536736	0.66728	0.516382	-0.222335	-0.702232	0.67634	0.007731	0.001295	0.000985	0.003718	-0.02957	0.054114	0.462804	0.08441	0.035701	-0.032473	0.681178	-0.627031	-0.377923	0.648463	0.756359	-0.086106	0.339837	-0.186416	0.921823	0	1.5e-05	1.1e-05	1e-06	1e-06	0	0.231364
0.029514	0.024331	-0.014117	0.814355	0.247976	0.524722	-0.536177	0.667496	0.516684	-0.222125	-0.702108	0.676538	0.007711	0.001147	0.000804	0.003735	-0.029547	0.054139	0.458885	0.084411	0.035704	-0.032471	0.681163	-0.627044	-0.37793	0.648476	0.756347	-0.086114	0.339844	-0.186421	0.921819	-0	-7e-06	-6e-06	-2e-06	1e-06	2e-06	0.228751
0.029686	0.024349	-0.014108	0.8146	0.247851	0.524399	-0.53586	0.667609	0.516866	-0.221988	-0.702045	0.676648	0.007687	0.000893	0.00051	0.002023	-0.015238	0.029182	0.450231	0.084411	0.035704	-0.032471	0.681163	-0.627044	-0.37793	0.648476	0.756347	-0.086114	0.339844	-0.186421	0.921819	1e-06	-6e-06	-6e-06	9e-06	9e-06	5e-06	0.227608
0.029978	0.02436	-0.014123	0.814762	0.247741	0.524199	-0.535636	0.667705	0.516974	-0.221935	-0.701992	0.676721	0.007575	-0.000367	-0.000949	-0.009988	0.083463	-0.143012	0.413491	0.08441	0.035704	-0.032471	0.681163	-0.627044	-0.37793	0.648477	0.756347	-0.086114	0.339844	-0.186421	0.921819	4e-06	-4e-06	-6e-06	9e-06	8e-06	3e-06	0.226465
0.03018	0.024381	-0.014184	0.813867	0.245274	0.526745	-0.535958	0.667041	0.517499	-0.224432	-0.703488	0.674339	0.007549	-0.000676	-0.001307	0.010349	-0.021022	0.027222	0.346868	0.08441	0.035704	-0.032471	0.681054	-0.627134	-0.377978	0.648567	0.756264	-0.086169	0.339891	-0.186458	0.921795	5e-06	-3e-06	-5e-06	1.1e-05	6e-06	4e-06	0.225812
0.030222	0.024391	-0.014232	0.812541	0.243192	0.529749	-0.536896	0.666127	0.517703	-0.226979	-0.705076	0.671824	-0.000404	0.004143	-0.005757	-0.05729	0.179166	-0.091495	0.286124	0.08441	0.035704	-0.032471	0.681054	-0.627134	-0.377978	0.648567	0.756264	-0.086169	0.339891	-0.186458	0.921795	5e-06	-3e-06	-5e-06	1.1e-05	6e-06	4e-06	0.225322
0.030174	0.024434	-0.014425	0.805124	0.24095	0.541957	-0.543491	0.665578	0.51149	-0.237471	-0.706362	0.666828	-0.000483	0.003207	-0.006841	0.078951	-0.077697	0.138134	0.060456	0.08441	0.035704	-0.032471	0.681054	-0.627134	-0.377978	0.648567	0.756264	-0.086169	0.339891	-0.186458	0.921795	5e-06	-3e-06	-5e-06	1.1e-05	6e-06	4e-06	0.224669
0.030072	0.024728	-0.014735	0.795636	0.238726	0.55675	-0.551211	0.666506	0.501931	-0.251254	-0.706242	0.661885	-0.000582	0.010841	-0.008548	0.076277	-0.036437	0.040757	-0.084219	0.08441	0.035704	-0.032471	0.681054	-0.627134	-0.377978	0.648567	0.756264	-0.086169	0.339891	-0.186458	0.921795	5e-06	-3e-06	-5e-06	1.1e-05	6e-06	4e-06	0.224016
0.029855	0.025237	-0.015147	0.781948	0.232115	0.578514	-0.559197	0.671278	0.486503	-0.275419	-0.703923	0.654703	-0.008515	0.015649	-0.013013	0.126489	0.00764	-0.019937	-0.2351	0.084405	0.035706	-0.032469	0.681056	-0.627132	-0.377976	0.648565	0.756265	-0.086168	0.33989	-0.186457	0.921795	3.4e-05	0.00058	0.000429	8e-06	-9e-06	2e-06	0.222383
0.029694	0.025546	-0.01542	0.772174	0.225874	0.593908	-0.563597	0.67511	0.476007	-0.293436	-0.702286	0.648605	-0.008586	0.014712	-0.014096	0.18217	0.696834	-0.579108	-0.34826	0.0844	0.035708	-0.032467	0.681074	-0.627118	-0.377968	0.64855	0.756279	-0.086159	0.339882	-0.186451	0.921799	1e-06	-1e-06	-2e-06	-5e-06	6e-06	-0	0.221893
0.02927	0.026229	-0.016179	0.753258	0.213583	0.62208	-0.570414	0.68302	0.456191	-0.32746	-0.698473	0.636321	-0.009192	0.016375	-0.022737	0.084561	0.046124	0.048657	-0.643163	0.084375	0.035712	-0.032464	0.681149	-0.627057	-0.377934	0.648489	0.756336	-0.086122	0.339849	-0.186424	0.921817	2e-06	-7e-06	-6e-06	4e-06	9e-06	5e-06	0.220913
0.028726	0.027053	-0.017275	0.743138	0.207334	0.636204	-0.575912	0.682273	0.450363	-0.34069	-0.70108	0.62643	-0.00991	0.025367	-0.033458	-0.053634	0.423907	-0.128531	-0.873402	0.084339	0.035716	-0.032459	0.68126	-0.626967	-0.377883	0.648398	0.75642	-0.086066	0.339799	-0.186385	0.921843	-0.006877	0.000121	0.000288	-0.000969	0.014736	-0.029541	0.219607
0.02846	0.027579	-0.017918	0.740228	0.201817	0.64135	-0.576541	0.681295	0.451039	-0.345922	-0.703637	0.62067	-0.009724	0.027133	-0.031402	-0.130148	0.426166	0.121785	-0.850705	0.084323	0.035717	-0.032459	0.681314	-0.626923	-0.377858	0.648353	0.756461	-0.086039	0.339775	-0.186366	0.921856	-0.006875	0.000123	0.000288	-0.000964	0.014739	-0.02954	0.21928
0.027983	0.028881	-0.019193	0.767111	0.179702	0.61583	-0.549888	0.678602	0.486951	-0.330398	-0.712184	0.619379	-0.009621	0.03601	-0.03159	-0.521323	0.625185	0.81686	-0.835846	0.084292	0.035717	-0.032458	0.681423	-0.626835	-0.377809	0.648264	0.756544	-0.085985	0.339727	-0.186328	0.921881	6e-06	-4e-06	-4e-06	6e-06	8e-06	3e-06	0.219117
0.027506	0.030384	-0.020302	0.800715	0.143473	0.581609	-0.509927	0.672757	0.53607	-0.31437	-0.725818	0.611848	-0.009045	0.041071	-0.02558	-0.459766	0.663858	0.843521	-0.841724	0.084241	0.035725	-0.03245	0.681572	-0.626714	-0.37774	0.648142	0.756657	-0.08591	0.339661	-0.186275	0.921916	1.2e-05	0.000172	0.000129	2e-06	1.5e-05	4e-06	0.218627
0.027284	0.031158	-0.020733	0.808197	0.122855	0.575953	-0.496465	0.668176	0.554131	-0.316761	-0.733789	0.601012	-0.008561	0.037443	-0.019203	-0.63325	0.628171	1.062434	-0.852011	0.084205	0.035726	-0.032442	0.681696	-0.626614	-0.377682	0.64805	0.756745	-0.085824	0.339589	-0.186251	0.921948	-0.006876	0.000185	0.000334	-0.000978	0.014718	-0.029548	0.218627
0.026941	0.032516	-0.021378	0.822256	0.077082	0.563872	-0.468459	0.654286	0.593679	-0.323173	-0.752307	0.5741	-0.008191	0.03251	-0.01437	-0.485279	0.344631	1.107284	-0.84401	0.084128	0.035735	-0.03244	0.68194	-0.626416	-0.377571	0.647841	0.756935	-0.085727	0.339498	-0.186146	0.922002	-0	-1.3e-05	-7e-06	-3e-06	-7e-06	-0	0.218627
0.026593	0.033503	-0.021693	0.83439	0.033604	0.550148	-0.44256	0.635796	0.632379	-0.328531	-0.771125	0.545374	-0.007575	0.022207	-0.005279	-0.533588	0.505052	0.686828	-0.843194	0.084045	0.035726	-0.032444	0.682167	-0.626231	-0.377466	0.647655	0.757108	-0.085613	0.339396	-0.186065	0.922056	-2e-05	-0.000387	-0.000285	-9e-06	1e-06	-6e-06	0.221566
0.026358	0.034184	-0.021683	0.840471	0.012057	0.541721	-0.428685	0.626276	0.651158	-0.331416	-0.779508	0.531535	-0.00689	0.01283	0.004841	-0.239345	0.148512	0.376045	-0.859196	0.083987	0.035727	-0.032467	0.682381	-0.626055	-0.377372	0.647442	0.757291	-0.085602	0.339372	-0.185913	0.922096	-7e-06	-0.000126	-9e-05	-8e-06	-6e-06	-6e-06	0.226465
0.026334	0.034416	-0.021538	0.842637	0.011379	0.538359	-0.425445	0.626929	0.652652	-0.330087	-0.778992	0.533116	-0.006436	0.009272	0.011192	0.046516	-0.151731	0.165864	-0.859033	0.083961	0.035726	-0.03248	0.682494	-0.625962	-0.377322	0.64733	0.757387	-0.085593	0.339358	-0.185835	0.922117	-2.1e-05	-0.000408	-0.000304	-3e-06	-3e-06	-2e-06	0.229404
0.026405	0.034786	-0.021057	0.852695	0.024993	0.521809	-0.418164	0.631362	0.653085	-0.313128	-0.775085	0.54881	0.001501	0.006425	0.017822	0.550799	-0.752324	-0.146699	-0.8574	0.083917	0.035767	-0.032556	0.678851	-0.62969	-0.377689	0.651602	0.753731	-0.085457	0.338488	-0.18809	0.921979	-2.6e-05	-0.000499	-0.000372	0.000846	0.000618	0.000192	0.237895
0.026565	0.035361	-0.020337	0.863802	0.101288	0.493544	-0.443298	0.618332	0.648962	-0.239442	-0.779362	0.579018	0.009302	0.018507	0.020509	-0.600041	-1.593563	-0.77961	-0.862135	0.08387	0.035863	-0.032724	0.678773	-0.629739	-0.37775	0.651314	0.75387	-0.086422	0.339197	-0.187373	0.921864	-0.007054	0.003816	-0.00542	0.034824	0.003943	-0.010224	0.24508
0.026643	0.03611	-0.019417	0.864873	0.145851	0.480335	-0.458868	0.6177	0.638659	-0.203554	-0.77277	0.601158	0.002475	0.016248	0.028337	0.243075	-0.440516	0.106019	-0.86981	0.083784	0.035999	-0.032976	0.678801	-0.628111	-0.380401	0.650153	0.754886	-0.086298	0.341364	-0.188739	0.920785	-0.007122	0.002536	-0.006378	0.011451	0.049598	-0.244755	0.254224
0.02668	0.036485	-0.01888	0.865294	0.154991	0.4767	-0.461381	0.618001	0.636554	-0.195941	-0.770747	0.606263	0.002534	0.017059	0.029005	0.04619	-0.258629	0.211814	-0.866544	0.083722	0.036088	-0.033149	0.678979	-0.628007	-0.380255	0.649662	0.755202	-0.087219	0.341944	-0.187817	0.920759	-0.000281	0.001689	-0.007204	0.039158	0.011867	-0.003932	0.25798
0.026771	0.037165	-0.017771	0.867361	0.156152	0.472545	-0.458751	0.618982	0.6375	-0.19295	-0.769725	0.608517	0.002428	0.01645	0.02788	-0.037421	-0.058435	0.109441	-0.876668	0.083545	0.036305	-0.033623	0.679179	-0.623183	-0.387759	0.646708	0.757943	-0.085378	0.347105	-0.19278	0.917797	-0.007378	0.00478	-0.01317	0.055246	-0.045334	-0.049098	0.259613
0.026907	0.037697	-0.016699	0.868813	0.145839	0.473173	-0.452178	0.623055	0.638229	-0.201734	-0.768461	0.607264	0.002082	0.013337	0.024157	0.212103	0.374466	0.224918	-0.881404	0.083365	0.036549	-0.034301	0.67984	-0.613744	-0.401415	0.641355	0.763018	-0.080415	0.355642	-0.20278	0.912358	-0.007663	0.006523	-0.020362	-0.055523	-0.447882	-0.235534	0.242631
0.027038	0.037835	-0.016222	0.874207	0.074763	0.479762	-0.404664	0.658247	0.634788	-0.268344	-0.749079	0.605698	0.008895	0.008987	0.018973	1.093157	1.411864	1.355295	-0.88467	0.083264	0.036687	-0.034761	0.68036	-0.606307	-0.411703	0.637312	0.766837	-0.076114	0.361858	-0.210599	0.908133	-0.007914	0.008934	-0.027057	-0.145937	-0.820343	-0.439516	0.225975
0.027386	0.037844	-0.015523	0.859351	-0.131706	0.494133	-0.250534	0.733933	0.631327	-0.44581	-0.666329	0.59771	0.008172	-0.005718	0.013548	3.574446	4.930952	4.251503	-0.887282	0.082996	0.037003	-0.035933	0.682145	-0.584856	-0.438886	0.624947	0.777928	-0.065328	0.37963	-0.229717	0.896163	-0.008245	0.010053	-0.034794	-0.280421	-1.161305	-0.795869	0.201971
0.027748	0.037306	-0.015218	0.770366	-0.371828	0.517956	-0.048052	0.776184	0.628672	-0.635788	-0.509196	0.580079	0.014603	-0.024386	0.003322	3.715695	5.648733	4.247978	-0.891364	0.082598	0.037398	-0.037461	0.678991	-0.55857	-0.476412	0.608673	0.791142	-0.060084	0.410471	-0.249183	0.877165	-0.015578	0.010116	-0.04325	-0.141134	-0.78831	-0.702422	0.198706
0.0281	0.036315	-0.015358	0.631625	-0.550077	0.546318	0.134485	0.771735	0.621561	-0.76352	-0.319122	0.561424	0.006528	-0.025894	-0.00808	3.243762	4.476476	2.616368	-0.898223	0.082095	0.037803	-0.03934	0.666085	-0.534897	-0.519822	0.596468	0.800438	-0.059354	0.447834	-0.270522	0.852209	-0.015984	0.011119	-0.051306	-0.006867	-0.914907	-0.290599	0.188418
0.028273	0.035749	-0.015531	0.574129	-0.599056	0.558127	0.195842	0.76236	0.616808	-0.794997	-0.244823	0.555013	0.006415	-0.034322	-0.007105	1.090454	1.40082	1.194228	-0.900182	0.081774	0.037996	-0.040303	0.659773	-0.523737	-0.538884	0.592506	0.803642	-0.05563	0.462206	-0.28259	0.840539	-0.016069	0.010423	-0.052007	-0.172988	-1.270439	-0.293407	0.173232
0.028668	0.034508	-0.016075	0.463054	-0.662845	0.588401	0.311383	0.743205	0.592187	-0.829831	-0.090997	0.550543	0.013427	-0.032739	-0.016442	4.631648	4.305163	3.418543	-0.888588	0.080828	0.03842	-0.042401	0.632958	-0.511586	-0.58107	0.603886	0.795913	-0.042927	0.484442	-0.323729	0.812719	-0.030191	0.009364	-0.052905	-1.253756	-1.399194	0.866218	0.150045
0.029148	0.033399	-0.01683	0.336525	-0.705606	0.623594	0.441578	0.703141	0.557316	-0.83172	0.087815	0.548204	0.013146	-0.027666	-0.021594	3.743593	5.120924	0.52098	-0.890384	0.079646	0.038726	-0.044449	0.603426	-0.495108	-0.625095	0.616488	0.786861	-0.028118	0.505784	-0.368397	0.780041	-0.037496	0.001962	-0.050551	-0.630823	-1.55536	-0.277984	0.155434
0.029409	0.032837	-0.017258	0.271411	-0.714643	0.644686	0.503064	0.676382	0.53799	-0.820525	0.178302	0.543089	0.01323	-0.027448	-0.021657	4.26576	5.079665	0.657153	-0.891201	0.078973	0.038788	-0.045512	0.584493	-0.485629	-0.650024	0.62313	0.781758	-0.023736	0.519688	-0.391176	0.759542	-0.037896	-0.000901	-0.053274	-0.226941	-1.654216	-0.466171	0.170946
0.029804	0.031773	-0.018083	0.138104	-0.709501	0.691038	0.609964	0.610633	0.505045	-0.780301	0.35176	0.517101	0.005886	-0.026912	-0.021066	3.753323	5.925028	0.482444	-0.900998	0.077493	0.038652	-0.047691	0.539532	-0.469562	-0.698867	0.643421	0.765312	-0.017478	0.543058	-0.440236	0.715037	-0.038659	-0.004619	-0.057308	-0.159766	-1.458696	-0.219971	0.210952
0.0302	0.030738	-0.018804	0.025695	-0.667761	0.743931	0.681432	0.556193	0.475709	-0.731429	0.494716	0.469325	0.006262	-0.023478	-0.017022	0.96675	2.275961	-0.669865	-0.930228	0.075946	0.038235	-0.049774	0.492591	-0.458789	-0.739503	0.66352	0.747835	-0.02198	0.563111	-0.479848	0.672793	-0.039368	-0.016956	-0.051113	-0.01195	-1.207685	0.362461	0.246223
0.030404	0.030276	-0.019117	-0.01946	-0.644509	0.764348	0.705389	0.532936	0.467338	-0.708553	0.548257	0.444259	0.014031	-0.020877	-0.014702	0.540608	2.179614	0.155104	-0.943127	0.075122	0.037961	-0.050828	0.464304	-0.456528	-0.758948	0.674783	0.737375	-0.030738	0.573662	-0.497853	0.650424	-0.039744	-0.017597	-0.052289	-0.047927	-1.23651	0.246629	0.261899
0.030827	0.029598	-0.019552	-0.107646	-0.603239	0.790262	0.746028	0.476402	0.465277	-0.657155	0.639643	0.398751	0.0146	-0.01501	-0.008	-0.246879	1.620117	-0.321833	-0.962559	0.073414	0.037385	-0.052907	0.426174	-0.442884	-0.788814	0.68082	0.731204	-0.042711	0.595701	-0.518838	0.613144	-0.047329	-0.015591	-0.051617	0.013861	-1.152604	0.481825	0.296353
0.031404	0.029147	-0.019775	-0.218982	-0.541687	0.811554	0.788495	0.391682	0.474195	-0.574737	0.743747	0.341347	0.015059	-0.009904	-0.002115	0.832182	2.596078	0.858438	-0.973989	0.071681	0.036754	-0.054882	0.392616	-0.432904	-0.811446	0.686083	0.725436	-0.055058	0.612487	-0.535104	0.581826	-0.047931	-0.01972	-0.047388	-0.043276	-1.086873	0.067799	0.334563
0.032029	0.028799	-0.019729	-0.335047	-0.45501	0.82505	0.808855	0.310187	0.499536	-0.483214	0.834715	0.26411	0.015569	-0.011742	0.006013	3.435774	4.741446	2.124847	-0.980848	0.070001	0.03595	-0.056682	0.365535	-0.420424	-0.830437	0.689089	0.722001	-0.062209	0.625731	-0.549506	0.553626	-0.041225	-0.023597	-0.042852	-0.004832	-0.71077	0.061627	0.371467
0.032371	0.028655	-0.019652	-0.386021	-0.405945	0.828369	0.80966	0.281239	0.515125	-0.442082	0.869547	0.220113	0.015449	-0.005247	0.003355	0.319159	2.879441	1.058508	-0.982971	0.069205	0.035461	-0.057487	0.351987	-0.413626	-0.839653	0.689862	0.720931	-0.065948	0.63261	-0.556032	0.539103	-0.041547	-0.028255	-0.038433	-0.002747	-0.515037	0.142966	0.387796
0.033103	0.02844	-0.019457	-0.475782	-0.292957	0.829341	0.811903	0.216377	0.542212	-0.338295	0.93132	0.134904	0.015546	-0.004418	0.004362	-0.927389	1.813686	0.296228	-0.977582	0.067676	0.034316	-0.058897	0.335594	-0.395135	-0.855128	0.678235	0.731332	-0.07176	0.653738	-0.555896	0.513425	-0.041725	-0.029769	-0.031299	0.456801	-0.304445	-0.136227	0.421107
0.033833	0.028373	-0.019296	-0.52739	-0.220498	0.820511	0.800182	0.195723	0.566921	-0.285598	0.955548	0.073216	0.015312	0.003236	0.002618	0.671529	2.333777	0.47737	-0.977745	0.066324	0.033132	-0.059993	0.319974	-0.382118	-0.866949	0.66661	0.741037	-0.080588	0.673236	-0.552131	0.491836	-0.034181	-0.025772	-0.027898	0.113826	-0.346521	0.374439	0.442172
0.034223	0.028408	-0.019245	-0.548101	-0.192604	0.813933	0.796636	0.176308	0.578174	-0.254862	0.965307	0.0568	0.015252	0.002319	0.001512	1.051079	1.799074	0.038248	-0.979541	0.065712	0.032568	-0.060455	0.313012	-0.378226	-0.871187	0.66331	0.743559	-0.084493	0.679737	-0.55142	0.483624	-0.034136	-0.028779	-0.021416	-0.092535	-0.643327	-0.113052	0.443805
0.034915	0.028508	-0.019183	-0.569777	-0.167898	0.804464	0.789496	0.159925	0.592553	-0.228143	0.972745	0.041434	0.015276	0.003006	0.002329	0.422635	-0.653028	2.611541	-0.974806	0.064622	0.031598	-0.061239	0.302024	-0.37398	-0.87688	0.656481	0.748568	-0.093145	0.691239	-0.547524	0.471596	-0.025893	-0.018157	-0.02042	-0.019845	-0.25553	0.026084	0.441682
0.035474	0.028629	-0.019118	-0.578985	-0.152766	0.800898	0.786391	0.154785	0.598022	-0.215325	0.976065	0.030515	0.014871	0.007951	-0.002535	-0.108574	0.469821	0.402885	-0.974479	0.06374	0.030827	-0.061808	0.300481	-0.373709	-0.877526	0.649048	0.75428	-0.098976	0.698889	-0.539817	0.469202	-0.017748	-0.013892	-0.015854	-0.00206	-0.010556	0.014404	0.446744
0.035818	0.028714	-0.019054	-0.595181	-0.130081	0.792992	0.780538	0.141089	0.608977	-0.191099	0.981413	0.01756	0.00764	0.00177	0.001447	-0.275748	0.560864	0.421861	-0.97301	0.063109	0.030235	-0.062223	0.304232	-0.371369	-0.877226	0.64005	0.761732	-0.100498	0.705533	-0.530895	0.469439	-0.017073	-0.014204	-0.00604	-0.038507	-0.010685	0.015347	0.452133
0.035909	0.028738	-0.019034	-0.605905	-0.122195	0.786096	0.773882	0.138447	0.618011	-0.18435	0.982802	0.010678	0.007596	0.000898	0.000419	0.078429	0.186148	0.405934	-0.974643	0.062897	0.030051	-0.062365	0.305963	-0.370172	-0.87713	0.634974	0.765809	-0.101698	0.709361	-0.52584	0.469359	-0.008848	-0.006393	-0.00744	-0.010581	0.134122	-0.23015	0.455072
0.036024	0.028793	-0.019004	-0.620328	-0.111359	0.776396	0.762956	0.143898	0.63023	-0.181904	0.983306	-0.004302	4.1e-05	0.001205	0.00144	0.80808	-1.036332	2.428869	-0.975622	0.06264	0.029848	-0.062539	0.307258	-0.368305	-0.877463	0.620302	0.776775	-0.108834	0.721676	-0.510853	0.46713	-0.000493	-0.002573	-0.002915	-0.004486	0.016331	-0.028848	0.457031
0.036058	0.028877	-0.018971	-0.628224	-0.104567	0.770972	0.758095	0.140613	0.636802	-0.174998	0.984526	-0.009065	8.1e-05	0.001609	0.001884	0.018603	-0.02442	-0.022861	-0.973336	0.06258	0.029845	-0.06256	0.308993	-0.366457	-0.877628	0.60634	0.786836	-0.115067	0.732716	-0.496587	0.465324	-0.007244	0.00204	0.002099	1.526081	0.315364	-0.65364	0.457848
0.036059	0.028926	-0.018938	-0.631754	-0.108221	0.767577	0.755106	0.137912	0.640933	-0.17522	0.984514	-0.005409	0.000102	0.002078	0.002431	0.003497	-0.022779	0.01653	-0.972193	0.062597	0.02987	-0.062523	0.307842	-0.363423	-0.879292	0.600815	0.790849	-0.116521	0.737735	-0.492423	0.461807	0.000369	0.001886	0.002146	0.012315	0.016156	8.9e-05	0.459154
0.036013	0.029021	-0.01883	-0.636198	-0.112578	0.763267	0.751186	0.135274	0.64608	-0.175985	0.984391	-0.001494	0.000115	0.002399	0.002804	-0.003539	0.000596	-0.005158	-0.964029	0.062673	0.029921	-0.062432	0.309481	-0.359689	-0.880252	0.595884	0.794757	-0.115252	0.741042	-0.48886	0.460294	0.000325	0.001673	0.001897	0.001099	-0.004197	0.031163	0.470584
0.035871	0.029123	-0.018699	-0.637264	-0.113944	0.762175	0.750119	0.135029	0.64737	-0.17668	0.984267	-0.000578	0.000115	0.002394	0.002797	-0.001199	-0.000992	-8.8e-05	-0.964029	0.062809	0.029897	-0.062416	0.308727	-0.357285	-0.881495	0.595719	0.795113	-0.113633	0.741488	-0.490042	0.458315	-0.000144	-0.000744	-0.000847	-0.000128	0.004263	0.002885	0.476789
0.035777	0.029174	-0.01864	-0.637629	-0.114432	0.761796	0.749754	0.134915	0.647816	-0.176909	0.984226	-0.00023	-0.000246	0.007943	-0.001306	0.047629	-0.116507	0.186669	-0.966968	0.062916	0.029852	-0.062455	0.308802	-0.357332	-0.88145	0.595742	0.795099	-0.113617	0.741439	-0.490031	0.458406	-0.000397	-0.00207	-0.002356	-0.00117	0.015272	-0.024019	0.476953
0.035509	0.029268	-0.018531	-0.639597	-0.116364	0.759851	0.748017	0.133592	0.650095	-0.177158	0.984181	0.001597	-0.007439	0.001622	0.002514	-0.00109	-0.000252	-0.005204	-0.968438	0.0632	0.029713	-0.062582	0.309654	-0.357039	-0.881269	0.595597	0.795304	-0.112934	0.741199	-0.489911	0.458921	0.006969	-0.003525	-0.003807	-8e-05	4e-06	0.005052	0.468298
0.03514	0.029374	-0.018512	-0.644706	-0.120967	0.754797	0.743626	0.12954	0.655925	-0.177122	0.984167	0.006439	-0.007838	0.006156	-0.002772	0.033114	0.004059	-0.013646	-0.967458	0.063645	0.029544	-0.062746	0.309454	-0.357299	-0.881234	0.595731	0.795165	-0.113205	0.741175	-0.489947	0.458922	0.014509	-0.004138	-0.004319	0.001065	-0.014706	0.034526	0.456215
0.034716	0.029483	-0.018549	-0.646839	-0.123178	0.752612	0.741775	0.12757	0.658403	-0.177112	0.98415	0.008853	-0.015383	0.005408	-0.003043	0.031723	0.018896	-0.041772	-0.968601	0.064215	0.029417	-0.062916	0.310552	-0.356717	-0.881084	0.591605	0.798044	-0.114577	0.744016	-0.485671	0.45887	0.014747	-0.002906	-0.002941	1.532798	0.36906	-0.721955	0.444948
0.034493	0.029547	-0.018568	-0.64716	-0.123669	0.752255	0.741499	0.127108	0.658803	-0.177092	0.984148	0.009441	-0.007482	0.000514	0.001211	-0.002274	0.015039	-0.029319	-0.969907	0.06452	0.029376	-0.062985	0.312724	-0.355827	-0.880675	0.591459	0.798437	-0.112575	0.743222	-0.485679	0.460147	0.022502	0.002255	-0.007333	0.038192	-0.059524	0.105808	0.439559
0.034001	0.0297	-0.018612	-0.652287	-0.128374	0.747021	0.737046	0.122552	0.664637	-0.176871	0.984124	0.014679	-0.007831	0.005792	-0.003211	0.031851	0.006109	-0.01809	-0.970887	0.0652	0.029313	-0.063066	0.31516	-0.354311	-0.880418	0.582458	0.804639	-0.115314	0.749276	-0.476465	0.459962	0.01506	-0.001223	-0.001063	0.138921	-0.00354	0.003012	0.431068
0.033522	0.029857	-0.018637	-0.656932	-0.137691	0.74127	0.731427	0.122126	0.670894	-0.182904	0.982917	0.020483	-0.01528	0.006485	-0.00184	0.042961	-0.084412	0.123765	-0.97301	0.06585	0.029252	-0.063097	0.316116	-0.353784	-0.880287	0.578089	0.807547	-0.116955	0.752251	-0.471914	0.459797	0.015051	-0.001259	-0.00113	0.001247	-0.029669	0.059037	0.428292
0.03329	0.02993	-0.018629	-0.658193	-0.144013	0.738946	0.728726	0.1246	0.673373	-0.189048	0.981699	0.022935	-0.007413	0.00134	0.002146	0.00958	-0.088649	0.137554	-0.976602	0.066124	0.02921	-0.063125	0.318115	-0.352627	-0.880031	0.573762	0.810565	-0.117388	0.754718	-0.467586	0.460177	0.007328	-0.001761	-0.001872	1.531142	0.384699	-0.751633	0.426169
0.032902	0.030089	-0.018573	-0.664621	-0.147105	0.732555	0.722749	0.122088	0.680241	-0.189503	0.981556	0.025177	-0.007337	0.002452	0.00342	0.29899	-0.467231	0.955303	-0.970234	0.066482	0.029073	-0.063227	0.320633	-0.349002	-0.880563	0.568188	0.814681	-0.116	0.757862	-0.463133	0.459512	-0.000515	-0.003047	-0.003507	-0.046225	-0.344805	-0.236152	0.424373
0.032609	0.030214	-0.018453	-0.668217	-0.15596	0.727435	0.717592	0.12292	0.685529	-0.196331	0.980085	0.029778	-0.00731	0.002659	0.003638	-0.000604	0.000631	-0.006115	-0.961089	0.0666	0.028898	-0.063448	0.322997	-0.34018	-0.883147	0.55758	0.822415	-0.112861	0.764707	-0.455972	0.455315	-0.00099	-0.005869	-0.006761	0.024156	-0.099724	-0.149168	0.430415
0.032431	0.030313	-0.018317	-0.669092	-0.157135	0.726377	0.716605	0.122619	0.686616	-0.196958	0.979935	0.03056	-0.007307	0.002634	0.003595	-0.000213	0.000202	-0.004972	-0.962559	0.066483	0.028676	-0.06377	0.319724	-0.326767	-0.889381	0.546034	0.830655	-0.108897	0.774353	-0.450815	0.444006	-0.008848	-0.007037	-0.008306	-0.055186	-0.385876	-0.335626	0.435804
0.032401	0.030356	-0.018257	-0.668126	-0.161399	0.726331	0.715851	0.126752	0.686652	-0.202889	0.978715	0.030852	0.00017	0.002446	0.002816	0.002085	-0.015018	0.024521	-0.965335	0.066355	0.028567	-0.063977	0.316163	-0.316479	-0.89436	0.534986	0.838004	-0.107415	0.783472	-0.44451	0.434258	-0.001397	-0.008221	-0.009548	-0.082291	-0.757972	-0.287818	0.437763
0.032432	0.030433	-0.018122	-0.668377	-0.161683	0.726037	0.715548	0.1268	0.686958	-0.203132	0.978662	0.030942	0.007679	0.002849	0.002712	0.003971	-0.030226	0.053668	-0.973336	0.06603	0.028408	-0.064455	0.316071	-0.289016	-0.903641	0.497662	0.861418	-0.101441	0.807731	-0.417646	0.416102	-0.008961	-0.002804	-0.014074	-0.01968	-0.635615	-0.265916	0.442335
0.03253	0.03048	-0.017997	-0.667464	-0.165971	0.725909	0.714644	0.131126	0.687087	-0.209222	0.977373	0.031088	0.000458	-0.003515	0.006427	-0.034278	-0.003002	0.007069	-0.976439	0.065649	0.028337	-0.064993	0.310593	-0.26593	-0.912585	0.469719	0.877595	-0.095867	0.826375	-0.398883	0.397487	-0.008936	-0.002516	-0.013816	-0.003895	-0.784563	-0.33307	0.445601
0.032578	0.030499	-0.017956	-0.667583	-0.16609	0.725773	0.714502	0.131153	0.687229	-0.209329	0.977349	0.031116	0.000408	-0.004228	0.005607	-0.036134	0.01223	-0.017413	-0.977092	0.065448	0.028332	-0.065284	0.3073	-0.256242	-0.916463	0.458126	0.883952	-0.093537	0.834078	-0.391112	0.38903	-0.008881	-0.0021	-0.013361	0.00602	-0.356992	-0.062554	0.446907
