0.039996	0.003229	0.350388	-0.026328	0.73837	-0.673914	-0.901493	-0.308798	-0.303193	-0.431948	0.598628	0.674605	-0.031842	0.01632	0.048678	0.014663	0.862009	0.184812	0.250092	-0.13741	0.036813	0.329465	0.503446	0.374504	0.77864	-0.718474	0.68194	0.136697	-0.480402	-0.628719	0.611384	-0.012942	-0.000487	0.000913	0.012702	-0.097097	0.13422	0.326478
0.039303	0.003407	0.351495	-0.019129	0.750699	-0.660402	-0.904258	-0.294726	-0.308911	-0.426521	0.59033	0.685286	-0.046515	0.010754	0.060633	-0.005431	1.176908	0.326865	0.253361	-0.137765	0.036846	0.32944	0.502813	0.374738	0.778937	-0.718736	0.681783	0.136102	-0.480672	-0.62875	0.611139	-0.012974	-0.000185	0.001144	-0.002045	0.015205	-0.029245	0.324345
0.038198	0.003704	0.353864	-0.008393	0.772533	-0.634956	-0.90772	-0.272196	-0.319258	-0.419467	0.572721	0.704319	-0.017118	0.007026	0.059557	0.014488	0.993665	0.292503	0.262362	-0.13828	0.03691	0.329442	0.503879	0.375005	0.778118	-0.718906	0.681362	0.137308	-0.479299	-0.629048	0.61191	-0.013071	0.000728	0.001844	-0.002045	0.015205	-0.029245	0.324112
0.037486	0.003862	0.356267	0.004699	0.794548	-0.60722	-0.906978	-0.252283	-0.337218	-0.421141	0.551332	0.720209	-0.005389	-0.008104	0.065175	0.010229	0.995285	0.52934	0.266196	-0.138572	0.036996	0.329524	0.505743	0.375035	0.776894	-0.718731	0.681161	0.139207	-0.477595	-0.629248	0.613037	-0.000401	0.003583	0.002763	0.002126	-0.016287	0.023682	0.32392
0.03712	0.003764	0.358545	0.012358	0.813688	-0.581209	-0.902896	-0.240624	-0.356162	-0.429681	0.52816	0.732426	-0.006837	-0.011086	0.062218	-0.035758	0.728125	0.344701	0.265333	-0.138654	0.03712	0.329627	0.505692	0.375067	0.776912	-0.718763	0.681137	0.139161	-0.477601	-0.629256	0.613024	-0.000355	0.003181	0.002449	-0	-0	0	0.324197
0.03705	0.003619	0.35962	0.020144	0.82162	-0.569719	-0.898648	-0.23481	-0.370498	-0.438218	0.518418	0.734326	0.005521	-0.017494	0.057608	0.156396	0.424575	0.604103	0.263353	-0.138624	0.0372	0.329696	0.505729	0.375049	0.776896	-0.718754	0.681137	0.139208	-0.477575	-0.629266	0.613033	-0.000464	0.004152	0.003195	0	0	0	0.324024
0.037113	0.003226	0.361559	0.033786	0.834123	-0.550583	-0.89204	-0.223192	-0.392966	-0.450718	0.503381	0.737216	-0.00836	-0.006997	0.047331	0.026622	0.363134	0.411582	0.260473	-0.138538	0.037386	0.329829	0.505658	0.375036	0.776949	-0.718784	0.681113	0.139175	-0.477606	-0.6293	0.612974	-0.000533	0.004756	0.003654	0.002128	-0.016283	0.02368	0.323846
0.037257	0.002816	0.363175	0.046113	0.843453	-0.535262	-0.88849	-0.210209	-0.407884	-0.456613	0.493335	0.740373	0.003484	-0.014401	0.041872	-0.066495	0.157145	0.29427	0.261569	-0.138477	0.037527	0.329929	0.505539	0.375042	0.777023	-0.71884	0.681067	0.139105	-0.477646	-0.629345	0.612896	-0.000389	0.003459	0.002654	-0.012564	0.096091	-0.139741	0.32383
0.037334	0.002628	0.363829	0.055825	0.847563	-0.527793	-0.884565	-0.203113	-0.419835	-0.463116	0.48925	0.739043	0.004164	-0.005797	0.031247	0.193847	0.193874	0.484207	0.261547	-0.138472	0.037577	0.329967	0.50569	0.375004	0.776943	-0.71876	0.68113	0.139211	-0.477607	-0.6293	0.612973	-0.000331	0.002944	0.002258	0.002129	-0.016283	0.02368	0.321491
0.037481	0.002146	0.364977	0.0748	0.852636	-0.517167	-0.877828	-0.18968	-0.439786	-0.473175	0.485819	0.734923	0.001251	-0.011795	0.025942	-0.030681	0.075957	0.467824	0.259805	-0.138489	0.037638	0.330015	0.505708	0.375002	0.776932	-0.718751	0.681137	0.139221	-0.477601	-0.629294	0.612984	-0.000112	0.000996	0.000763	0	0	0	0.318941
0.0373	0.001662	0.365911	0.089648	0.856181	-0.508883	-0.871028	-0.180309	-0.456915	-0.483079	0.483148	0.730226	-0.000261	-0.014917	0.023205	0.012593	0.008376	0.251581	0.261962	-0.138495	0.037687	0.330052	0.50571	0.375002	0.776931	-0.71875	0.681138	0.139223	-0.4776	-0.629293	0.612985	-0.000148	0.001316	0.001008	0	0	0	0.31761
0.036793	0.001099	0.366943	0.103344	0.859537	-0.500561	-0.86164	-0.173976	-0.47674	-0.496998	0.479503	0.723255	-0.014153	-0.011705	0.024868	0.673553	-0.10902	0.571862	0.266928	-0.138491	0.037737	0.330089	0.505733	0.374994	0.77692	-0.718738	0.681148	0.13924	-0.477595	-0.629287	0.612995	-0.000123	0.001095	0.000838	0	0	0	0.315366
0.036425	0.000835	0.367486	0.106901	0.860837	-0.497573	-0.859173	-0.171815	-0.481948	-0.50051	0.477951	0.721859	-0.014392	-0.012178	0.024455	-0.055363	0.019625	0.17781	0.263371	-0.138494	0.037765	0.330111	0.505679	0.375006	0.776949	-0.718766	0.681125	0.139203	-0.47761	-0.629304	0.612967	-0.000105	0.000934	0.000715	0	0	0	0.313968
0.035384	0.000349	0.36865	0.11158	0.866501	-0.486591	-0.853859	-0.166842	-0.493012	-0.508526	0.469413	0.721858	-0.029767	-0.01908	0.035392	-0.078357	0.319102	0.012089	0.279563	-0.138515	0.037782	0.330138	0.505698	0.37501	0.776936	-0.718771	0.681115	0.139228	-0.477583	-0.629313	0.612979	-4e-06	4e-05	3e-05	0	0	0	0.31204
0.034166	-0.000183	0.36987	0.111866	0.873984	-0.472952	-0.851288	-0.161174	-0.499303	-0.512758	0.457386	0.72657	-0.029436	-0.018281	0.036082	-0.079501	0.301358	0.033406	0.266966	-0.138552	0.037763	0.330127	0.505576	0.375049	0.776996	-0.718838	0.681063	0.139138	-0.477611	-0.629346	0.612923	2.9e-05	-0.000257	-0.000197	0	0	0	0.310642
0.03346	-0.000442	0.370566	0.109175	0.880028	-0.462252	-0.851233	-0.157302	-0.500629	-0.513425	0.447046	0.732511	-0.029179	-0.017697	0.036586	-0.04087	0.699226	0.19724	0.263223	-0.138569	0.03774	0.330112	0.505478	0.375078	0.777046	-0.718891	0.681022	0.139067	-0.477636	-0.629373	0.612876	0.000135	-0.001201	-0.00092	0	0	0	0.307947
0.032037	-0.001085	0.372119	0.109986	0.88978	-0.44299	-0.852441	-0.144686	-0.502377	-0.511244	0.43177	0.743122	-0.02923	-0.017663	0.036607	-0.058566	0.507207	0.136265	0.266062	-0.138596	0.037723	0.330101	0.505377	0.375111	0.777096	-0.718946	0.680979	0.138993	-0.47766	-0.629401	0.612829	4e-06	-3.5e-05	-2.7e-05	0	0	0	0.304248
0.030901	-0.001824	0.373668	0.119315	0.898246	-0.423041	-0.859284	-0.119966	-0.497204	-0.497519	0.421719	0.75806	-0.027689	-0.014495	0.039354	-0.266979	0.563024	0.263392	0.257355	-0.138597	0.03773	0.330107	0.505395	0.375106	0.777086	-0.718936	0.680986	0.139006	-0.477655	-0.629395	0.612839	-1.9e-05	0.000168	0.000129	0	0	0	0.302991
0.030019	-0.002618	0.375377	0.128757	0.903903	-0.407954	-0.862521	-0.100863	-0.495839	-0.489507	0.414587	0.767156	-0.013755	-0.017774	0.037704	-0.073576	0.171971	0.22435	0.276947	-0.138587	0.037729	0.330117	0.505422	0.375099	0.777072	-0.718935	0.680981	0.139041	-0.477629	-0.629405	0.612848	-1e-06	5e-06	4e-06	0	0	0	0.30118
0.029762	-0.003051	0.376202	0.129364	0.907807	-0.398996	-0.862486	-0.095462	-0.496969	-0.48941	0.407289	0.771117	-0.014916	-0.027205	0.047642	-0.079487	0.621023	0.192609	0.275331	-0.138587	0.037729	0.330117	0.505293	0.37513	0.777141	-0.719002	0.680928	0.138952	-0.477663	-0.629444	0.612781	-0	0	0	-0.014687	0.112366	-0.163427	0.300985
0.029448	-0.003959	0.377887	0.139578	0.912803	-0.383865	-0.86401	-0.077048	-0.497517	-0.483893	0.399971	0.778394	0.000736	-0.02002	0.036955	-0.260659	0.098165	0.508271	0.277955	-0.138596	0.037728	0.330117	0.505401	0.375107	0.777082	-0.718946	0.680972	0.139025	-0.477633	-0.629411	0.612839	-0	0	0	0	0	0	0.299337
0.029455	-0.00492	0.379472	0.140385	0.918796	-0.368986	-0.861615	-0.070162	-0.502662	-0.487916	0.387348	0.782258	-0.000949	-0.030499	0.04601	-0.115849	0.242973	0.047718	0.28637	-0.138595	0.037721	0.330112	0.505254	0.375142	0.777161	-0.719023	0.680911	0.138923	-0.477673	-0.629455	0.612763	8.1e-05	-0.000726	-0.000556	0	0	0	0.297289
0.029544	-0.005384	0.380231	0.146319	0.921369	-0.360159	-0.860549	-0.06095	-0.50568	-0.48806	0.382779	0.784413	0.000478	-0.020529	0.036516	-0.07494	0.295832	0.095757	0.269573	-0.138586	0.037722	0.330112	0.505403	0.375104	0.777082	-0.718944	0.680973	0.139028	-0.477634	-0.629411	0.612839	1e-06	-9e-06	-7e-06	0	0	0	0.295861
0.029678	-0.006024	0.381568	0.155938	0.92444	-0.348052	-0.861521	-0.045012	-0.505695	-0.483353	0.377562	0.789838	0.003048	-0.008281	0.028937	-0.053443	0.132029	0.075935	0.265806	-0.138596	0.037728	0.330117	0.505401	0.375107	0.777082	-0.718946	0.680972	0.139025	-0.477633	-0.629411	0.612839	-8e-06	7.5e-05	5.7e-05	0	0	0	0.293382
0.029851	-0.006302	0.382551	0.159676	0.927102	-0.339163	-0.86196	-0.036464	-0.505636	-0.48135	0.371931	0.793724	0.003765	0.000311	0.018225	-0.022493	0.27172	-0.087229	0.260928	-0.138596	0.037728	0.330117	0.505401	0.375107	0.777082	-0.718946	0.680972	0.139025	-0.477633	-0.629411	0.612839	-0	0	0	0	0	0	0.290502
0.029908	-0.006142	0.383321	0.163934	0.928667	-0.33279	-0.869642	-0.023136	-0.493111	-0.465848	0.369092	0.804229	-0.008569	0.006825	0.022578	-2.628517	-2.282455	4.322651	0.252977	-0.138587	0.037729	0.330117	0.505422	0.375099	0.777072	-0.718935	0.680981	0.139041	-0.477629	-0.629405	0.612848	-0	0	0	0	0	0	0.28627
0.02994	-0.005935	0.383596	0.162492	0.929064	-0.332389	-0.872477	-0.021985	-0.48813	-0.461022	0.368164	0.807428	-0.00728	0.016514	0.0128	-0.23367	0.05942	-0.065816	0.249143	-0.138587	0.037729	0.330117	0.505422	0.375099	0.777072	-0.718935	0.680981	0.139041	-0.477629	-0.629405	0.612848	-0	0	0	0	0	0	0.283693
0.029936	-0.005345	0.384031	0.158638	0.931003	-0.328806	-0.878906	-0.018508	-0.476607	-0.450014	0.36344	0.815737	-0.007026	0.016973	0.01313	-0.233194	0.066262	-0.061958	0.216732	-0.138586	0.037722	0.330112	0.505403	0.375104	0.777082	-0.718944	0.680973	0.139028	-0.477634	-0.629411	0.612839	1e-06	-6e-06	-4e-06	0	0	0	0.278828
0.029837	-0.004662	0.384517	0.159398	0.931061	-0.328274	-0.884552	-0.012893	-0.466235	-0.438532	0.363534	0.821925	-0.006223	0.018504	0.014343	-0.000425	-0.008806	0.022303	0.189899	-0.138586	0.037722	0.330112	0.505403	0.375104	0.777082	-0.718944	0.680973	0.139028	-0.477634	-0.629411	0.612839	0	-0	-0	0	0	0	0.274405
0.029798	-0.004324	0.384784	0.162403	0.93056	-0.32822	-0.886212	-0.008646	-0.463169	-0.434055	0.364935	0.823679	0.006924	0.013728	0.011387	-0.000108	-0.013838	0.029499	0.170829	-0.138586	0.037722	0.330112	0.505403	0.375104	0.777082	-0.718944	0.680973	0.139028	-0.477634	-0.629411	0.612839	0	-0	-0	0	0	0	0.272198
0.029701	-0.003655	0.385296	0.156203	0.931548	-0.328426	-0.888392	-0.012758	-0.458877	-0.431859	0.362291	0.825997	0.006742	0.013358	0.011017	-0.00726	0.070676	-0.154519	0.12062	-0.138592	0.037691	0.330102	0.505313	0.37513	0.777128	-0.719005	0.680918	0.138979	-0.477637	-0.629454	0.612791	8.7e-05	-0.000774	-0.000593	0	0	0	0.268265
0.029635	-0.003047	0.385771	0.154758	0.931716	-0.328636	-0.890748	-0.012233	-0.454303	-0.427502	0.36188	0.82844	0.005855	0.011593	0.00951	-0.006033	0.058701	-0.128334	0.074021	-0.138589	0.037664	0.33008	0.505238	0.375148	0.777168	-0.719045	0.680888	0.138928	-0.477657	-0.629477	0.612752	5.8e-05	-0.00052	-0.000398	0	0	0	0.263146
0.029651	-0.00283	0.385943	0.152257	0.932069	-0.328803	-0.891146	-0.014336	-0.45346	-0.427567	0.360895	0.828836	-0.008045	0.014733	0.011065	-0.00825	0.085393	-0.184071	0.044785	-0.138587	0.037643	0.330064	0.505183	0.375161	0.777198	-0.719074	0.680865	0.13889	-0.477672	-0.629494	0.612723	9.3e-05	-0.000833	-0.000639	0	0	0	0.260083
0.029784	-0.002459	0.386204	0.146353	0.93297	-0.328928	-0.893186	-0.018232	-0.449286	-0.425358	0.358388	0.831057	0.003908	0.007746	0.006319	-0.007261	0.07069	-0.154513	-0.054321	-0.138591	0.037593	0.330027	0.505031	0.3752	0.777278	-0.719154	0.680802	0.138783	-0.477712	-0.629539	0.612646	0.000138	-0.001231	-0.000944	0	0	0	0.253273
0.030053	-0.002264	0.386243	0.142813	0.933403	-0.329254	-0.893626	-0.021343	-0.448272	-0.425632	0.357089	0.831476	0.001622	0.00322	0.002622	-0.00847	0.082712	-0.180676	-0.188019	-0.138596	0.037557	0.330001	0.504917	0.37523	0.777337	-0.719214	0.680754	0.138704	-0.477741	-0.629573	0.612588	2.8e-05	-0.000249	-0.000191	0	0	0	0.249362
0.030391	-0.002056	0.385982	0.142945	0.932943	-0.330499	-0.889801	-0.025018	-0.455632	-0.433533	0.358049	0.826969	0.014663	0.005565	-0.012132	0.096355	0.02983	-0.11824	-0.367249	-0.138604	0.037542	0.32999	0.504858	0.375246	0.777367	-0.719245	0.68073	0.138662	-0.477756	-0.629589	0.61256	1e-06	-8e-06	-6e-06	0	0	0	0.241513
0.030536	-0.001988	0.385796	0.143877	0.932648	-0.330926	-0.888301	-0.0256	-0.458517	-0.436294	0.358772	0.825201	0.013895	0.004042	-0.013371	0.034656	-0.035456	0.044121	-0.444233	-0.138604	0.037542	0.32999	0.504858	0.375246	0.777367	-0.719245	0.68073	0.138662	-0.477756	-0.629589	0.61256	0	-0	-0	0	0	0	0.238139
0.030912	-0.001853	0.38522	0.147098	0.929566	-0.338103	-0.879775	-0.033201	-0.474199	-0.452216	0.366053	0.813347	-0.000204	0.006705	-0.012172	0.258467	-0.145303	0.047064	-0.605397	-0.138605	0.037549	0.329995	0.504877	0.375242	0.777358	-0.719236	0.680737	0.138674	-0.477751	-0.629584	0.612569	-1e-06	7e-06	5e-06	0	0	0	0.230657
0.031405	-0.001559	0.384567	0.131297	0.924554	-0.357779	-0.878254	-0.058852	-0.47453	-0.459956	0.375376	0.804711	0.02767	0.000783	-0.015066	-0.016308	-0.613746	0.034481	-0.665267	-0.138633	0.037539	0.32999	0.504795	0.375269	0.777398	-0.719281	0.680702	0.138613	-0.47777	-0.629605	0.612532	0	-2e-06	-2e-06	0	0	0	0.224716
0.031812	-0.001386	0.384257	0.126337	0.920797	-0.369076	-0.87514	-0.071665	-0.478505	-0.467222	0.382301	0.797231	0.028749	0.002986	-0.013277	0.033929	-0.823477	-0.001324	-0.66752	-0.138671	0.037534	0.329991	0.50471	0.3753	0.777438	-0.719328	0.680665	0.138549	-0.477788	-0.629627	0.612496	0	-0	-0	0	0	0	0.220652
0.032978	-0.000994	0.383447	0.103062	0.912295	-0.39641	-0.867852	-0.112191	-0.48396	-0.486125	0.392768	0.780668	0.030398	0.013553	-0.022309	2.184934	1.560238	-4.448227	-0.664827	-0.138859	0.037475	0.329977	0.504197	0.375478	0.777684	-0.719623	0.680428	0.138181	-0.477884	-0.629777	0.612266	-0.012602	-0.003221	-0.001202	-0.00417	0.031486	-0.052927	0.206822
0.034463	-0.000447	0.38245	0.07875	0.899033	-0.430793	-0.859202	-0.157867	-0.486644	-0.505623	0.407343	0.760555	0.04428	0.010792	-0.023645	0.039948	-1.174736	-0.286117	-0.649486	-0.139125	0.037415	0.329958	0.512285	0.363683	0.778004	-0.703683	0.697001	0.137678	-0.492819	-0.618452	0.611973	-0.012746	-0.001938	-0.00022	0.384933	0.083686	0.275148	0.202142
0.036244	0.000307	0.381372	0.052637	0.880178	-0.471764	-0.849723	-0.208631	-0.484166	-0.524651	0.425258	0.737512	0.047436	0.02478	-0.029915	0.03455	-1.440987	-0.037956	-0.604532	-0.13943	0.037363	0.329962	0.515854	0.357873	0.77834	-0.695797	0.704974	0.137155	-0.500251	-0.612765	0.611663	0	-1e-06	-1e-06	0	0	0	0.201429
0.037195	0.000748	0.380821	0.034152	0.868669	-0.49426	-0.841671	-0.241608	-0.482894	-0.538943	0.431415	0.723497	0.047579	0.025308	-0.029511	2.75512	1.08251	-4.327978	-0.56974	-0.139593	0.037344	0.329963	0.517735	0.354923	0.778442	-0.691748	0.708984	0.136969	-0.503916	-0.609842	0.611575	-0.012795	-0.001493	0.000118	-0.001762	0.015255	-0.029024	0.201317
0.039242	0.001691	0.379696	0.010866	0.844591	-0.535344	-0.826218	-0.293918	-0.480571	-0.563255	0.446481	0.695288	0.061243	0.022647	-0.030857	0.965118	-0.511371	-1.090734	-0.462472	-0.139928	0.037298	0.329962	0.527273	0.339769	0.778801	-0.670901	0.728851	0.136392	-0.521927	-0.594838	0.611247	5.6e-05	-0.000525	-0.000402	0.000942	0.000165	0.000739	0.201758
0.041432	0.002677	0.378596	-0.011856	0.816276	-0.577579	-0.812484	-0.344496	-0.470281	-0.582846	0.462681	0.668014	0.061898	0.024721	-0.029277	3.302572	0.792447	-3.666037	-0.392105	-0.14022	0.037212	0.329949	0.534422	0.327531	0.779172	-0.653937	0.74421	0.135838	-0.536024	-0.582533	0.610898	9e-05	-0.000844	-0.000647	0.03488	0.006081	0.027347	0.204052
0.042527	0.003161	0.378084	-0.020236	0.804454	-0.593709	-0.808414	-0.362504	-0.463714	-0.588241	0.469576	0.658405	0.049035	0.029811	-0.026049	0.009114	-1.171233	-0.178313	-0.366098	-0.14037	0.037158	0.329935	0.53594	0.324549	0.779377	-0.649784	0.747894	0.135534	-0.539554	-0.57947	0.610704	-0.012703	-0.002398	-0.000582	0.001095	0.015751	-0.026785	0.205215
0.044591	0.004139	0.377187	-0.036754	0.78309	-0.620858	-0.797238	-0.397514	-0.454275	-0.6025	0.4773	0.639691	0.049224	0.030835	-0.025309	-0.028585	-0.81842	0.076209	-0.33515	-0.140622	0.037058	0.329885	0.54081	0.312706	0.780853	-0.636353	0.759114	0.136878	-0.550609	-0.571314	0.608517	-0.012588	-0.003522	-0.001446	0.011973	0.076864	0.038053	0.207672
0.046278	0.005167	0.376502	-0.057872	0.761389	-0.645742	-0.781154	-0.437247	-0.44563	-0.621583	0.477686	0.620869	0.035361	0.026587	-0.012152	0.263006	-0.911325	-0.676465	-0.328068	-0.140826	0.036972	0.329839	0.546048	0.303201	0.780956	-0.622927	0.770205	0.136673	-0.560719	-0.561488	0.608431	-0.012652	-0.002948	-0.001007	0.386388	0.083199	0.273391	0.221197
0.047832	0.006263	0.376116	-0.075783	0.735815	-0.672962	-0.766568	-0.474541	-0.432615	-0.637587	0.482169	0.600851	0.035783	0.020839	0.000496	-0.076552	-1.098355	-0.577148	-0.321959	-0.140982	0.036877	0.329783	0.553922	0.284616	0.782404	-0.599775	0.788124	0.138075	-0.578005	-0.546106	0.606252	0.000204	-0.001964	-0.00151	-0.000397	0.001128	0.00083	0.241089
0.048519	0.006767	0.376032	-0.086482	0.722036	-0.686462	-0.758605	-0.494312	-0.424436	-0.645685	0.483147	0.591343	0.022937	0.025502	0.003405	-1.777625	-0.34011	-2.307357	-0.318664	-0.141054	0.036826	0.329752	0.55837	0.272262	0.783638	-0.585358	0.798594	0.139777	-0.58843	-0.537098	0.604267	0.00017	-0.001636	-0.001258	0.372035	0.116759	0.33462	0.24643
0.049872	0.007801	0.376033	-0.103196	0.69446	-0.712125	-0.738987	-0.532683	-0.412455	-0.66565	0.482821	0.569053	0.037852	0.033352	-0.007147	0.220914	-0.673864	-0.267369	-0.308373	-0.141196	0.036696	0.329679	0.567975	0.243965	0.786051	-0.55111	0.822007	0.143236	-0.611885	-0.514863	0.600314	0.000258	-0.002495	-0.00192	4.326032	0.84887	3.360952	0.252092
0.05121	0.008723	0.376234	-0.118119	0.661843	-0.740309	-0.712888	-0.575445	-0.40078	-0.691121	0.479592	0.540712	0.03749	0.025877	0.004019	1.33108	-0.317266	-1.198148	-0.29723	-0.14136	0.0365	0.329558	0.577683	0.203323	0.790527	-0.504924	0.849898	0.150529	-0.641963	-0.486372	0.592611	0.000549	-0.005341	-0.004117	-0.178007	0.515737	0.342993	0.257645
0.051943	0.009148	0.376391	-0.123595	0.645138	-0.754033	-0.70144	-0.594227	-0.393506	-0.701787	0.479469	0.526907	0.036362	0.01639	0.013697	0.189557	-0.984049	-0.435836	-0.289172	-0.141472	0.036361	0.329464	0.583234	0.17762	0.792641	-0.473533	0.867124	0.154265	-0.660626	-0.46554	0.58882	0.000642	-0.006279	-0.004845	1.212008	0.547725	1.15326	0.263788
0.05336	0.009969	0.376764	-0.138846	0.610991	-0.779395	-0.679642	-0.631152	-0.373772	-0.720124	0.47705	0.503857	0.036616	0.017483	0.014324	0.080386	-0.882645	-0.509087	-0.286753	-0.141712	0.036039	0.329242	0.589791	0.132632	0.796584	-0.41945	0.89317	0.161992	-0.690717	-0.429839	0.581387	-0.012018	-0.009586	-0.006154	4.350667	1.055762	3.253727	0.277671
0.054713	0.010788	0.377251	-0.159904	0.579932	-0.798846	-0.657819	-0.665929	-0.351831	-0.735821	0.468512	0.488969	0.038275	0.029048	0.005906	1.354866	0.057555	-0.948783	-0.278677	-0.14192	0.035687	0.328993	0.593392	0.080867	0.800835	-0.357504	0.917832	0.172361	-0.721816	-0.388686	0.57251	-0.011974	-0.010218	-0.006664	-0.065362	0.468581	0.575548	0.286483
0.056002	0.01159	0.377804	-0.169973	0.55586	-0.813741	-0.645165	-0.686899	-0.33452	-0.744701	0.467443	0.476388	0.037676	0.028147	0.005016	-0.419056	-0.034264	-0.804283	-0.271734	-0.142085	0.035294	0.328732	0.595797	0.026598	0.802689	-0.28355	0.941993	0.179394	-0.752081	-0.334525	0.567741	0.00092	-0.009207	-0.007167	4.428004	0.958158	3.324535	0.294536
0.056644	0.012009	0.378078	-0.173078	0.542038	-0.822366	-0.634669	-0.699818	-0.327754	-0.752953	0.464525	0.46616	0.03604	0.017344	0.01369	0.052246	-0.548454	-0.371331	-0.26871	-0.142112	0.035084	0.328599	0.594355	0.003754	0.804188	-0.254385	0.949457	0.183721	-0.763576	-0.31378	0.56423	-0.011808	-0.012194	-0.008239	-0.028468	0.37146	0.466057	0.306598
0.057907	0.01278	0.378645	-0.183653	0.508399	-0.841336	-0.615368	-0.726842	-0.304948	-0.766334	0.461091	0.447387	0.023701	0.022757	0.017021	0.054285	-0.778423	-0.484991	-0.259761	-0.141958	0.03454	0.328325	0.582561	-0.03349	0.812091	-0.192482	0.964985	0.178015	-0.790326	-0.259984	0.554667	0.002554	-0.023281	-0.001695	1.154288	0.684555	1.360111	0.313905
0.059325	0.013519	0.379211	-0.191999	0.465978	-0.863739	-0.589501	-0.758351	-0.278144	-0.784396	0.455188	0.421372	0.036098	0.018501	0.014115	0.045267	-0.672389	-0.61907	-0.253839	-0.14147	0.033831	0.328087	0.565029	-0.063219	0.82264	-0.129599	0.977826	0.164299	-0.815473	-0.199379	0.543245	0.014244	-0.011569	-0.010392	2.278408	1.998143	-0.832611	0.317832
0.059953	0.013865	0.379448	-0.194243	0.442158	-0.875677	-0.573036	-0.775626	-0.264588	-0.795953	0.449846	0.405122	0.035168	0.016438	0.012537	4.893446	0.377736	-2.895682	-0.254728	-0.141123	0.033447	0.328028	0.555698	-0.073878	0.828091	-0.105711	0.981626	0.158653	-0.825271	-0.175619	0.536609	0.015621	-0.022701	-0.002591	-0.070293	0.091786	0.417753	0.32287
0.061191	0.014576	0.379867	-0.194903	0.400655	-0.895284	-0.543868	-0.803703	-0.24133	-0.815998	0.439378	0.375662	0.034243	0.014575	0.011042	0.181955	-0.893663	-0.612231	-0.253994	-0.140145	0.032636	0.328046	0.532002	-0.090217	0.841918	-0.062632	0.987339	0.145513	-0.845032	-0.130043	0.51853	0.028265	-0.017459	0.000209	0.210154	0.333036	0.946211	0.334357
0.062304	0.01529	0.380206	-0.197969	0.361589	-0.911102	-0.520624	-0.82629	-0.214864	-0.830288	0.431352	0.352965	0.020522	0.016085	0.011661	-0.317996	-0.20331	-1.294795	-0.245891	-0.13902	0.031786	0.328231	0.511561	-0.107748	0.852459	-0.021388	0.990151	0.138121	-0.859566	-0.088768	0.503121	0.029626	-0.027501	0.008887	0.747689	1.873193	-1.871578	0.339871
0.0633	0.015981	0.380473	-0.20179	0.320321	-0.925592	-0.491492	-0.850499	-0.18724	-0.846948	0.416734	0.330209	0.032677	0.01135	0.008515	0.022549	-0.659087	-0.42639	-0.235092	-0.137775	0.030891	0.328518	0.494082	-0.129714	0.85968	0.015635	0.989922	0.140514	-0.86984	-0.055836	0.490024	0.029496	-0.025287	0.010633	-0.090401	0.436072	0.153352	0.341253
0.063776	0.016279	0.380626	-0.201825	0.296918	-0.933355	-0.473443	-0.86376	-0.17246	-0.857157	0.406709	0.316064	0.019443	0.0137	0.009835	0.068192	-0.894226	-0.816901	-0.229085	-0.136989	0.030534	0.328696	0.488379	-0.134772	0.862157	0.019597	0.989395	0.143694	-0.87297	-0.053127	0.484731	0.040797	-0.009425	0.005187	-0.151064	0.245327	0.269814	0.341558
0.064621	0.016688	0.380923	-0.200553	0.25276	-0.946539	-0.442413	-0.885363	-0.142741	-0.873867	0.389814	0.290565	0.017809	0.00968	0.006969	0.482137	-0.693803	-0.909559	-0.199521	-0.135225	0.030073	0.329106	0.477822	-0.146606	0.866132	0.028779	0.988006	0.151491	-0.878531	-0.04729	0.475195	0.041999	-0.017891	0.01515	-0.157255	0.184009	0.200277	0.350602
0.065471	0.016901	0.381083	-0.197954	0.20753	-0.958014	-0.41654	-0.902484	-0.109486	-0.887074	0.377115	0.266288	0.028984	0.002419	0.002146	0.003844	-0.966704	-0.830903	-0.161367	-0.13327	0.029931	0.329393	0.4653	-0.157312	0.871057	0.027285	0.986108	0.163647	-0.885261	-0.052195	0.462008	0.051987	0.007489	0.000468	-0.251695	0.549962	0.549284	0.354305
0.065881	0.016966	0.381109	-0.196188	0.186388	-0.962712	-0.403408	-0.910157	-0.094058	-0.893514	0.369676	0.254951	0.015361	0.003512	0.002654	-0.00481	-0.904601	-0.835495	-0.145537	-0.13215	0.030026	0.329462	0.459337	-0.163382	0.873102	0.027205	0.98501	0.170142	-0.888366	-0.054208	0.455774	0.053411	-0.003169	0.008687	-0.128471	0.182207	0.263831	0.354688
0.066653	0.016951	0.38111	-0.192725	0.150375	-0.969685	-0.377568	-0.92345	-0.068218	-0.905481	0.352783	0.235956	0.026299	-0.00445	-0.002621	0.029359	-0.403756	-0.588558	-0.139631	-0.129892	0.030517	0.329456	0.439264	-0.183016	0.879513	0.027266	0.981236	0.190697	-0.898439	-0.059569	0.434881	0.062981	0.023749	-0.004814	-0.221618	0.52804	0.634644	0.359606
0.067283	0.016798	0.381052	-0.186407	0.119931	-0.975148	-0.35755	-0.932724	-0.046419	-0.914886	0.339857	0.217963	0.01273	-0.003322	-0.00207	0.466572	-0.198334	-0.62925	-0.13809	-0.127429	0.031376	0.329423	0.415126	-0.206953	0.885908	0.0273	0.976119	0.215364	-0.909818	-0.064971	0.409723	0.062262	0.027724	-0.001725	-0.306931	0.792218	0.58054	0.36872
0.067739	0.016639	0.380962	-0.178609	0.094513	-0.979393	-0.343821	-0.938605	-0.027929	-0.921687	0.331624	0.201358	0.011339	-0.014143	0.006719	-0.060873	-0.609792	-0.519518	-0.136962	-0.124934	0.032447	0.329473	0.388718	-0.232857	0.891441	0.026516	0.9699	0.241918	-0.921404	-0.070121	0.382047	0.061675	0.030188	0.000147	-0.310184	0.713249	0.769564	0.376546
0.067898	0.016582	0.380937	-0.177602	0.086909	-0.98028	-0.337522	-0.941037	-0.022334	-0.924207	0.326786	0.197684	0.012617	-0.003625	-0.002282	-0.010277	-0.087012	-0.22984	-0.13138	-0.123654	0.033045	0.329497	0.374008	-0.246183	0.89415	0.025456	0.966423	0.255562	-0.927486	-0.072524	0.366568	0.074296	0.033314	0.001142	-0.339894	0.842275	0.659298	0.379739
0.068187	0.01642	0.380916	-0.168556	0.066174	-0.983491	-0.324835	-0.945722	-0.008015	-0.930436	0.318034	0.182127	0.012156	-0.004858	-0.003133	-0.025602	-0.392877	-0.41665	-0.12482	-0.12114	0.034282	0.329579	0.346355	-0.270785	0.898168	0.022845	0.959518	0.2806	-0.9382	-0.07634	0.337367	0.06066	0.034052	0.00307	-0.270021	0.679114	0.539591	0.37694
0.068412	0.016291	0.380903	-0.162243	0.050647	-0.985473	-0.312657	-0.949848	0.002605	-0.935722	0.308469	0.171168	0.012572	-0.003756	-0.002376	-0.008204	-0.087082	-0.230426	-0.122371	-0.118539	0.035708	0.329779	0.328602	-0.299455	0.895733	0.022572	0.950554	0.30963	-0.94455	-0.081162	0.317963	0.05962	0.038163	0.006205	-0.42842	-1.176569	2.844162	0.376048
0.068503	0.016243	0.380896	-0.159474	0.045153	-0.986192	-0.312291	-0.949946	0.006953	-0.936323	0.309026	0.166821	-3e-05	-8.1e-05	-5.6e-05	-0.004551	-0.092266	-0.046593	-0.120765	-0.11718	0.036507	0.329918	0.324201	-0.312901	0.892736	0.023612	0.946024	0.323132	-0.946039	-0.083299	0.312944	0.072051	0.041395	0.00721	-0.158156	0.225014	0.561145	0.377018
0.068687	0.016132	0.38092	-0.155715	0.035855	-0.987174	-0.30625	-0.951838	0.013682	-0.938952	0.304402	0.160425	0.011558	-0.013617	0.007079	-0.034498	-0.020409	0.00168	-0.11742	-0.114289	0.038285	0.33022	0.321081	-0.342964	0.882765	0.028273	0.935106	0.353145	-0.946972	-0.08801	0.308808	0.083864	0.046135	0.009275	-0.146395	0.267037	0.599312	0.379451
0.068856	0.015969	0.380993	-0.155445	0.032111	-0.987346	-0.306261	-0.951777	0.017209	-0.938993	0.305015	0.159013	0.011939	-0.012609	0.007774	-0.038783	0.093329	-0.163619	-0.11445	-0.1113	0.04023	0.330505	0.324177	-0.36777	0.871577	0.035079	0.925299	0.377523	-0.945692	-0.091359	0.311741	0.070476	0.044396	0.009212	-0.060428	-1.711101	2.508634	0.39025
0.069018	0.015823	0.381066	-0.157127	0.03055	-0.987129	-0.306338	-0.951713	0.019254	-0.938686	0.305377	0.160128	0.01283	-0.003079	-0.001913	0.000984	-0.014715	0.029553	-0.117808	-0.110016	0.041095	0.330643	0.323748	-0.377422	0.867601	0.037414	0.921303	0.386955	-0.945749	-0.092351	0.311275	0.070321	0.044019	0.008841	-0.067032	0.11124	0.420053	0.397583
0.069081	0.015775	0.381082	-0.157907	0.029799	-0.987027	-0.306311	-0.951702	0.020218	-0.938563	0.305487	0.160637	1e-06	3e-06	2e-06	-0	-0	-0	-0.118544	-0.107716	0.042565	0.330968	0.335228	-0.39335	0.856089	0.033432	0.912987	0.406535	-0.941904	-0.107176	0.318107	0.058069	0.037972	0.005522	0.026953	-0.136502	0.408333	0.413625
0.069182	0.015725	0.381074	-0.159221	0.02848	-0.986855	-0.306143	-0.951719	0.021874	-0.938394	0.305561	0.161482	-1.7e-05	-4.6e-05	-3.1e-05	-0.005573	0.089652	-0.177453	-0.116261	-0.105873	0.043537	0.331335	0.350568	-0.3992	0.847191	0.023152	0.90794	0.418381	-0.936631	-0.126563	0.326447	0.048061	0.020387	0.009706	-0.012315	-0.57906	0.800079	0.416137
0.069274	0.015702	0.381035	-0.159981	0.027684	-0.986755	-0.305966	-0.951753	0.02285	-0.938322	0.305529	0.161962	-0.000195	-0.000525	-0.000362	-0	-0	-0	-0.105224	-0.104743	0.044127	0.331643	0.355831	-0.406632	0.841443	0.026857	0.904372	0.425822	-0.934551	-0.128419	0.33164	0.010623	0.01118	0.00709	0.004478	-0.031419	0.052943	0.414957
0.069319	0.015682	0.381023	-0.160429	0.027227	-0.986695	-0.305891	-0.951764	0.023419	-0.938269	0.305539	0.162248	-7.6e-05	-0.000205	-0.000141	-0.005571	0.089661	-0.177449	-0.102608	-0.104403	0.044367	0.331782	0.360047	-0.41203	0.837012	0.029324	0.901659	0.431377	-0.932866	-0.130261	0.335644	0.0231	0.013999	0.00774	0.0065	-0.047831	0.0838	0.41328
0.069383	0.01565	0.381014	-0.160964	0.026692	-0.986622	-0.305826	-0.951768	0.024091	-0.938198	0.305574	0.162592	-1e-06	-2e-06	-1e-06	-0	-0	-0	-0.104497	-0.103962	0.044894	0.332121	0.36675	-0.420627	0.829794	0.033399	0.897244	0.440195	-0.930121	-0.133206	0.342043	0.009912	0.014082	0.009271	0.004486	-0.031418	0.052944	0.406964
0.06944	0.015636	0.381004	-0.161277	0.026374	-0.98658	-0.305773	-0.951775	0.024488	-0.938161	0.305581	0.162792	-0	-0	-0	-0	-0	-0	-0.102706	-0.103714	0.045526	0.33257	0.370027	-0.424987	0.82611	0.035605	0.894981	0.444608	-0.928744	-0.134577	0.345233	0.008798	0.018792	0.012808	0.006935	-0.047627	0.076642	0.40437
0.069476	0.015619	0.380993	-0.16143	0.026218	-0.986559	-0.305747	-0.951778	0.024682	-0.938143	0.305584	0.162891	-1.7e-05	-4.6e-05	-3.1e-05	-0	-0	-0	-0.101519	-0.103677	0.045876	0.332847	0.372592	-0.423962	0.825484	0.036489	0.89546	0.443571	-0.927687	-0.134625	0.348046	0.008424	0.020339	0.013942	0.016368	-0.064427	0.064168	0.404222
0.06954	0.015594	0.380978	-0.161326	0.026326	-0.986573	-0.305765	-0.951776	0.024548	-0.938156	0.305581	0.162824	-6.2e-05	-0.000168	-0.000116	-0	-0	-0	-0.10119	-0.103779	0.04647	0.3334	0.375463	-0.423259	0.824542	0.037406	0.895746	0.442915	-0.926495	-0.134932	0.351089	-0.003894	0.017002	0.012808	0.007926	-0.037795	0.043407	0.403938
0.069605	0.01557	0.380962	-0.161221	0.026435	-0.986587	-0.305783	-0.951774	0.024413	-0.938168	0.305579	0.162758	-4e-06	-1.1e-05	-7e-06	-0	-0	-0	-0.099574	-0.103969	0.046925	0.333956	0.38032	-0.420598	0.823678	0.038542	0.896957	0.44036	-0.924471	-0.135211	0.356279	-0.003386	0.014811	0.011092	0.026379	-0.070397	0.019224	0.40387
0.069697	0.015531	0.380948	-0.159114	0.024412	-0.986981	-0.305761	-0.951747	0.025698	-0.938537	0.305833	0.160129	-1e-06	-2e-06	-1e-06	-0.00026	-0.004029	-0.002027	-0.098775	-0.104205	0.047136	0.334471	0.384566	-0.418086	0.822985	0.045022	0.898902	0.435755	-0.922424	-0.130007	0.363448	-0.000487	-0.000261	0.015845	0.018236	-0.102067	-0.064793	0.403666
0.069754	0.015516	0.380939	-0.159114	0.024412	-0.986981	-0.30576	-0.951747	0.025698	-0.938537	0.305833	0.16013	-0	-0	-0	-4e-06	-5.9e-05	-3e-05	-0.100005	-0.10434	0.047185	0.334713	0.388985	-0.41484	0.822551	0.045804	0.900395	0.432579	-0.920536	-0.130077	0.36818	-0.012603	-0.004169	0.014357	0.039721	-0.128295	-0.124644	0.403193
0.069851	0.015499	0.380917	-0.159238	0.024278	-0.986965	-0.305715	-0.951758	0.025859	-0.938531	0.305812	0.160207	-0	-0	-0	-0	-0	-0	-0.100815	-0.104569	0.047184	0.335157	0.392682	-0.41379	0.821322	0.063879	0.903094	0.424587	-0.91789	-0.113751	0.380002	8.5e-05	-0.002749	0.013964	4.807729	1.803803	1.710003	0.402852
0.069947	0.015482	0.380894	-0.157392	0.021965	-0.987315	-0.305603	-0.951748	0.02749	-0.938881	0.30602	0.157739	-0	-0	-0	-0.000116	-0.001788	-0.0009	-0.102387	-0.104794	0.047157	0.335628	0.397564	-0.413397	0.819169	0.076668	0.904521	0.419402	-0.91481	-0.103425	0.390241	-0.002293	0.010146	0.007496	0.102562	-0.273372	0.0801	0.402407
0.069967	0.015477	0.380891	-0.157461	0.021894	-0.987305	-0.305591	-0.951749	0.027578	-0.938873	0.306021	0.157784	-0	-0	-0	-2e-06	-2.6e-05	-1.3e-05	-0.102744	-0.104846	0.047182	0.335879	0.400233	-0.413655	0.817737	0.083301	0.904974	0.417154	-0.913068	-0.09833	0.395603	-0.002477	0.010969	0.008088	0.066319	-0.139294	-0.031356	0.398658
0.069969	0.0155	0.380871	-0.157722	0.021596	-0.987271	-0.305473	-0.951777	0.027928	-0.938868	0.305957	0.157942	-0	-0	-0	-0	-0	-0	-0.101127	-0.104837	0.047334	0.336402	0.403476	-0.417433	0.814217	0.102425	0.904799	0.413258	-0.909693	-0.082828	0.406769	-0.000633	0.000442	0.016263	0.026035	-0.195462	0.112757	0.394635
0.069968	0.015509	0.380852	-0.155733	0.019415	-0.987632	-0.305364	-0.951768	0.029387	-0.939237	0.306134	0.15538	-1e-06	-3e-06	-2e-06	-0.003574	-0.054261	-0.02731	-0.101128	-0.104797	0.047512	0.337012	0.398906	-0.426782	0.811618	0.131033	0.902457	0.410288	-0.908032	-0.056791	0.414869	-0.000947	0.001829	0.017241	0.236895	-0.286822	0.062625	0.393841
0.070022	0.015488	0.380826	-0.155747	0.019391	-0.98763	-0.305337	-0.951776	0.029411	-0.939244	0.30611	0.155387	-7.3e-05	-0.000198	-0.000136	-1e-06	-1.2e-05	-6e-06	-0.100527	-0.10479	0.047549	0.337726	0.391484	-0.435173	0.810775	0.151865	0.899496	0.409607	-0.908008	-0.03669	0.417179	-0.000871	0.001496	0.01696	0.003279	0.006841	0.020974	0.393727
0.070058	0.015479	0.380808	-0.15578	0.019347	-0.987625	-0.305306	-0.951784	0.029458	-0.939248	0.306087	0.155406	-6.3e-05	-0.00017	-0.000117	-0	-0	-0	-0.100557	-0.104805	0.047506	0.338124	0.386432	-0.439648	0.810784	0.1616	0.897671	0.409884	-0.908486	-0.026828	0.416889	0.001172	-0.009899	0.024534	-0.033884	0.01436	0.001612	0.393785
0.070149	0.015457	0.380758	-0.153632	0.017318	-0.987999	-0.3052	-0.951778	0.030721	-0.939639	0.30623	0.152739	-0.000242	-0.000655	-0.000452	-4.4e-05	-0.000674	-0.000339	-0.101181	-0.104857	0.04729	0.338914	0.381345	-0.443599	0.811041	0.170067	0.895953	0.410219	-0.909084	-0.017957	0.416061	0.001551	-0.011575	0.023308	-0.070187	-0.003986	-0.017049	0.394762
0.070232	0.015436	0.380721	-0.153682	0.017248	-0.987993	-0.305142	-0.951794	0.030795	-0.93965	0.306184	0.152767	0.012745	-0.003316	-0.002084	0.000984	-0.014715	0.029553	-0.101824	-0.104931	0.04689	0.339731	0.376251	-0.447381	0.811342	0.178159	0.894206	0.410595	-0.90965	-0.009388	0.415103	0.001779	-0.012589	0.022578	-0.086534	0.105748	-0.182099	0.397098
0.07024	0.015435	0.380707	-0.153766	0.017151	-0.987981	-0.305103	-0.951803	0.030909	-0.939648	0.306162	0.152818	-3.8e-05	-0.000103	-7.1e-05	-0	-0	-0	-0.103454	-0.104951	0.046679	0.340142	0.373769	-0.449415	0.811365	0.18226	0.893223	0.410936	-0.909858	-0.005163	0.414722	0.001766	-0.012531	0.022621	-0.059284	0.001508	-0.011501	0.39675
0.07024	0.015442	0.380701	-0.151673	0.015084	-0.988338	-0.305042	-0.951778	0.032234	-0.940011	0.30635	0.150191	-0	-0	-0	-0.025207	-0.381419	-0.192079	-0.102011	-0.104893	0.046351	0.340947	0.374067	-0.449076	0.811416	0.180028	0.893377	0.411585	-0.910181	-0.007329	0.413981	-0.000338	-0.000837	0.015191	-0.033911	-0.009934	0.003438	0.399921
0.07024	0.015451	0.380682	-0.149682	0.012901	-0.988673	-0.304943	-0.95176	0.033694	-0.940364	0.30651	0.147626	-0.000139	-0.000378	-0.000261	-0.029729	-0.448784	-0.226029	-0.102595	-0.104736	0.046052	0.341763	0.366359	-0.455436	0.811388	0.193695	0.890165	0.412338	-0.910501	0.006658	0.413288	0.00164	-0.011971	0.023019	-0.069866	-0.003951	-0.016978	0.4127
0.070259	0.015462	0.380654	-0.149611	0.012941	-0.988683	-0.304878	-0.951783	0.033624	-0.940396	0.306437	0.147574	-0.000139	-0.000378	-0.000261	-7e-06	-0.000113	-5.7e-05	-0.100069	-0.104619	0.045711	0.342611	0.364058	-0.457455	0.811288	0.19671	0.889102	0.413202	-0.910775	0.009722	0.412623	0.001609	-0.011832	0.023116	-0.07015	-0.004148	-0.017159	0.422807
0.070265	0.015461	0.380629	-0.149694	0.012835	-0.988672	-0.304815	-0.951799	0.033742	-0.940403	0.306392	0.147622	-0.000489	-0.001326	-0.000915	-0	-2e-06	-1e-06	-0.099676	-0.104611	0.045549	0.343017	0.361464	-0.459349	0.811377	0.200814	0.88807	0.413448	-0.910909	0.014055	0.412201	0.001499	-0.011341	0.023462	-0.070147	-0.004163	-0.017169	0.425106
0.070307	0.015414	0.380572	-0.149663	0.012847	-0.988676	-0.30477	-0.951814	0.033714	-0.940423	0.306343	0.147598	-0.000577	-0.001566	-0.001081	-0	-0	-0	-0.100885	-0.104593	0.045381	0.343747	0.36185	-0.459377	0.811189	0.199141	0.888082	0.414232	-0.911124	0.012217	0.411786	-0.000643	0.000512	0.016083	-0.031604	-0.02555	0.027548	0.42804
0.070295	0.015348	0.380539	-0.149679	0.012841	-0.988674	-0.304793	-0.951806	0.033728	-0.940413	0.306367	0.147611	-0.000473	-0.001285	-0.000887	-0	-0	-0	-0.102621	-0.104551	0.045523	0.344227	0.362085	-0.459573	0.810973	0.198462	0.887991	0.41475	-0.911178	0.011338	0.411689	-0.002209	0.009801	0.006881	0.002307	-0.015615	0.024108	0.43075
0.070274	0.015315	0.380529	-0.149773	0.012755	-0.988661	-0.304803	-0.951799	0.033842	-0.940395	0.306394	0.147673	-0.000473	-0.001284	-0.000887	-0	-0	-0	-0.104427	-0.104513	0.045687	0.344393	0.362223	-0.459874	0.810741	0.198492	0.887838	0.415065	-0.911118	0.011146	0.41183	-0.001971	0.008735	0.006122	0.002307	-0.015612	0.024111	0.431791
0.070236	0.015272	0.380487	-0.149911	0.012604	-0.988642	-0.304757	-0.951807	0.034024	-0.940387	0.306375	0.147759	-0.000396	-0.001074	-0.000742	-0	-0	-0	-0.106763	-0.104412	0.046014	0.34458	0.362414	-0.460439	0.810335	0.198814	0.887546	0.415535	-0.910972	0.011077	0.412154	0.011044	0.008132	0.004377	0.002045	-0.015205	0.029245	0.434093
0.07022	0.015231	0.380458	-0.150001	0.012511	-0.988629	-0.304743	-0.951808	0.034139	-0.940378	0.306378	0.147817	-0.000154	-0.000419	-0.00029	-0	-0	-0	-0.107968	-0.104232	0.046292	0.344714	0.360473	-0.462781	0.809867	0.198773	0.88633	0.418141	-0.911748	0.010821	0.41044	0.011149	0.007613	0.004007	0.004185	-0.030528	0.053559	0.432694
0.070221	0.015216	0.380423	-0.15001	0.012481	-0.988628	-0.304692	-0.951823	0.034163	-0.940393	0.30633	0.147817	0.000773	0.009263	-0.009873	0.034213	-0.019125	0.015346	-0.106265	-0.103902	0.046588	0.344822	0.358603	-0.465395	0.809199	0.1989	0.884963	0.420967	-0.912456	0.010563	0.408872	0.011415	0.006381	0.003143	0.001969	-0.015076	0.029336	0.430187
0.070222	0.015224	0.380416	-0.149994	0.012487	-0.988631	-0.304669	-0.951831	0.034148	-0.940403	0.306306	0.147804	-7e-06	-1.8e-05	-1.2e-05	-0	-0	-0	-0.104892	-0.103695	0.046746	0.344872	0.356542	-0.467456	0.808922	0.198704	0.883878	0.423332	-0.913303	0.010376	0.40698	0.011184	0.007361	0.003822	-0.004058	-0.016433	0.063493	0.430457
0.070223	0.015231	0.38041	-0.149976	0.012494	-0.988633	-0.304647	-0.951839	0.034133	-0.940413	0.306282	0.147791	-0	-0	-0	-0	-0	-0	-0.103086	-0.103156	0.047061	0.344924	0.353532	-0.468217	0.809802	0.1984	0.883465	0.424336	-0.914535	0.011225	0.404181	0.011843	0.004438	0.001784	-0.027191	0.051077	0.048721	0.430399
0.070216	0.015241	0.380416	-0.149978	0.012492	-0.988633	-0.304646	-0.951839	0.034135	-0.940413	0.306282	0.147792	5e-06	1.2e-05	9e-06	-0	-0	-0	-0.09903	-0.102584	0.047373	0.344876	0.350517	-0.469077	0.810615	0.198315	0.882996	0.425351	-0.91571	0.012242	0.401483	0.010167	0.014055	-0.007144	0.019109	0.011621	0.072849	0.431766
0.070214	0.015234	0.380411	-0.149994	0.012476	-0.988631	-0.304644	-0.951839	0.034154	-0.940411	0.306282	0.147802	-0.000369	-0.001001	-0.000692	0	-0	-0	-0.096476	-0.102298	0.047489	0.344819	0.348398	-0.471108	0.81035	0.198211	0.881914	0.427637	-0.916538	0.012213	0.39959	0.012644	0.000968	-0.000633	-0.112724	0.178392	0.166148	0.434343
0.070215	0.015249	0.380397	-0.149959	0.01249	-0.988636	-0.304599	-0.951854	0.034124	-0.940431	0.306234	0.147775	-0	-0	-0	0	0	0	-0.095494	-0.101778	0.047698	0.344673	0.345272	-0.4717	0.811343	0.198044	0.881582	0.428399	-0.917753	0.013349	0.396755	0.010833	0.011156	-0.009159	-0.04713	0.134356	0.124662	0.433938
0.070215	0.015249	0.380397	-0.149959	0.01249	-0.988636	-0.304599	-0.951854	0.034124	-0.940431	0.306234	0.147775	-0	-0	-0	0	0	0	-0.09521	-0.101311	0.047881	0.344526	0.34205	-0.47203	0.812515	0.197717	0.881388	0.428949	-0.919025	0.014507	0.393758	0.010574	0.012232	-0.00841	0.006823	0.031874	0.08729	0.428605
0.070215	0.015249	0.380397	-0.149959	0.01249	-0.988636	-0.304599	-0.951854	0.034124	-0.940431	0.306234	0.147775	-0	-0	-0	0	0	0	-0.094777	-0.101099	0.047983	0.344456	0.339876	-0.473897	0.812341	0.197532	0.880386	0.431088	-0.919869	0.014531	0.391783	0.010454	0.012723	-0.008067	-0.060276	0.143783	0.166765	0.425012
0.070213	0.015242	0.380393	-0.149975	0.012474	-0.988634	-0.304597	-0.951855	0.034143	-0.940429	0.306234	0.147785	-7.3e-05	-0.000197	-0.000136	0	0	0	-0.091341	-0.100705	0.048237	0.344329	0.335498	-0.47217	0.815161	0.196656	0.881275	0.429668	-0.921657	0.016735	0.387469	0.012263	0.002583	0.000483	0.000653	0.002891	0.014714	0.40517
0.070203	0.015222	0.380367	-0.150018	0.012419	-0.988628	-0.304565	-0.951862	0.034205	-0.940433	0.306212	0.14781	-0.000281	-0.000761	-0.000527	0	0	0	-0.09043	-0.100449	0.048457	0.344241	0.331161	-0.475791	0.814829	0.19615	0.879325	0.433874	-0.923327	0.016733	0.383473	-0	1e-06	1e-06	-0.010221	0.016931	0.012057	0.358726
