0.114067	-0.008259	0.359096	-0.313982	0.488686	-0.814031	-0.699615	-0.698655	-0.149637	-0.64147	0.521914	0.562271	-0	-0	-0	0	0	0	0.099758	-0.200528	-0.001757	0.294829	0.801251	0.318493	0.506509	-0.410276	0.90859	0.077924	-0.436384	-0.270656	0.858008	0.019329	-0.0155	0.063255	-0.127657	-0.036239	0.04861	0.143451
0.114016	-0.008252	0.359101	-0.314231	0.488581	-0.813998	-0.699544	-0.69877	-0.149435	-0.641425	0.521859	0.562373	-0	-0	-0	0	0	0	0.102649	-0.199894	-0.002538	0.29739	0.803585	0.312866	0.506317	-0.402607	0.912215	0.075531	-0.439236	-0.264947	0.858335	0.019266	-0.015507	0.062879	0.357993	0.54474	-0.284604	0.157937
0.113922	-0.008239	0.359111	-0.314435	0.488493	-0.813972	-0.699486	-0.698864	-0.149269	-0.641389	0.521815	0.562455	-0	-0	-0	0	0	0	0.105866	-0.199314	-0.003141	0.299635	0.804206	0.305874	0.509593	-0.394077	0.916201	0.072199	-0.445803	-0.259277	0.856679	0.01829	-0.008875	0.049662	3.209067	0.946335	4.442735	0.164223
0.113797	-0.008228	0.359119	-0.314726	0.488368	-0.813935	-0.699402	-0.698998	-0.149032	-0.641337	0.521753	0.562572	-3.7e-05	-0.000163	-0.000132	0	0	0	0.107716	-0.198609	-0.003435	0.301216	0.800971	0.300293	0.517939	-0.389021	0.918587	0.069242	-0.455972	-0.257338	0.851897	0.016644	0.006927	0.026448	-0.22495	0.260832	0.303494	0.163854
0.113732	-0.008232	0.359114	-0.3149	0.488293	-0.813912	-0.699351	-0.699079	-0.148889	-0.641306	0.521715	0.562643	-0.000128	-0.000561	-0.000456	0	0	0	0.108514	-0.198212	-0.003451	0.301714	0.800298	0.299988	0.519154	-0.388668	0.918796	0.06845	-0.457454	-0.256947	0.851221	0.030624	0.002383	0.020619	-0.03143	-0.045455	0.092299	0.164451
0.113631	-0.008253	0.359097	-0.314329	0.485934	-0.815543	-0.699214	-0.699535	-0.147384	-0.641737	0.523304	0.560672	-0.000228	-0.000997	-0.000811	-0.008927	-0.045354	-0.023201	0.109427	-0.19743	-0.003324	0.302263	0.799345	0.29518	0.523362	-0.386447	0.919472	0.071862	-0.460995	-0.260076	0.848356	0.029578	0.008152	0.006799	-0.009418	-0.023481	0.098989	0.164666
0.113554	-0.008262	0.359088	-0.314546	0.485842	-0.815514	-0.699151	-0.699635	-0.147207	-0.641698	0.523257	0.560761	-4.8e-05	-0.000207	-0.000169	-2e-06	-1.1e-05	-6e-06	0.110638	-0.196586	-0.002996	0.302467	0.799441	0.292518	0.524709	-0.385079	0.919867	0.074107	-0.461976	-0.261677	0.847329	0.029378	0.006491	0.004989	-0.00963	0.071035	-0.077576	0.164421
0.113521	-0.008263	0.359074	-0.314637	0.485799	-0.815505	-0.699107	-0.699692	-0.147145	-0.641701	0.523221	0.560791	-0.013902	0.001438	0.001005	-0.000984	0.014714	-0.029553	0.112341	-0.196227	-0.002827	0.302608	0.799537	0.292333	0.524665	-0.384892	0.91994	0.074182	-0.461965	-0.261628	0.84735	0.015171	0.008946	0.008512	0.003622	-0.031256	0.053127	0.15213
0.113497	-0.008274	0.359065	-0.314722	0.485763	-0.815494	-0.699083	-0.699731	-0.147076	-0.641686	0.523202	0.560825	-2.4e-05	-0.000103	-8.4e-05	-0	-0	-0	0.117082	-0.195713	-0.002412	0.303073	0.79953	0.289845	0.526054	-0.383817	0.920194	0.07656	-0.462872	-0.263496	0.846276	0.001168	0.013764	0.014487	0.002978	-0.031818	0.047967	0.152941
0.113505	-0.008281	0.359046	-0.314722	0.485759	-0.815496	-0.699065	-0.699746	-0.147088	-0.641705	0.523186	0.560819	-0.000223	-0.000973	-0.000791	-0	-0	-0	0.118039	-0.195372	-0.00192	0.303835	0.799674	0.289604	0.525968	-0.3838	0.920156	0.077094	-0.462637	-0.263892	0.846281	0.001937	0.005713	0.025647	-0.033016	-0.019007	0.030976	0.160162
0.113506	-0.008257	0.359026	-0.31481	0.485711	-0.815491	-0.698987	-0.699831	-0.147053	-0.641747	0.523117	0.560835	-0	-0	-0	-0	-0	-0	0.119298	-0.195367	-0.00159	0.304772	0.800393	0.289712	0.524813	-0.384899	0.919479	0.07965	-0.460471	-0.266127	0.846762	0.002045	0.007087	0.026952	-0.03137	-0.035075	0.05484	0.161784
0.113507	-0.008242	0.359012	-0.314777	0.485716	-0.8155	-0.698961	-0.699846	-0.147103	-0.641791	0.523091	0.560808	-0	-0	-0	-0	-0	-0	0.12056	-0.195499	-0.001501	0.305317	0.799699	0.288076	0.526769	-0.385055	0.919199	0.082092	-0.461548	-0.268857	0.845312	-0.012285	0.006866	0.027609	-0.311619	0.404461	0.331186	0.163286
0.113508	-0.008193	0.35896	-0.314817	0.485671	-0.815511	-0.698826	-0.69997	-0.147154	-0.641918	0.522967	0.560779	-9e-06	-3.8e-05	-3.1e-05	-0	-0	-0	0.123057	-0.195955	-0.001526	0.306455	0.801138	0.289867	0.52359	-0.38682	0.918313	0.083696	-0.457552	-0.269962	0.847131	-0.012002	-0.007429	0.032276	-0.016714	-0.074002	-0.074798	0.164168
0.113519	-0.00812	0.358862	-0.314793	0.485633	-0.815543	-0.698622	-0.70014	-0.147316	-0.642153	0.522775	0.560689	-0.000146	-0.000635	-0.000517	-0	-0	-0	0.125003	-0.196582	-0.001862	0.307485	0.800286	0.290828	0.524359	-0.388979	0.917268	0.085136	-0.45721	-0.272474	0.846511	-0.026797	-0.013366	0.027072	-0.075028	0.040879	-0.067979	0.162856
0.113519	-0.008071	0.358797	-0.3147	0.485639	-0.815576	-0.698507	-0.700219	-0.147486	-0.642323	0.522664	0.560598	0.000453	0.010065	-0.009332	0.035155	-0.015678	0.017027	0.125856	-0.196905	-0.002113	0.307952	0.800461	0.295407	0.521525	-0.391439	0.916519	0.081876	-0.454793	-0.270065	0.848582	-0.012703	-0.015638	0.023806	0.07795	-0.207238	-0.204366	0.16219
0.113519	-0.00797	0.358655	-0.314792	0.485532	-0.815604	-0.698181	-0.700517	-0.147614	-0.642632	0.522365	0.560523	0.000452	0.010059	-0.009336	0.029823	0.075966	-0.159414	0.126516	-0.197566	-0.002584	0.308683	0.799766	0.298567	0.520792	-0.394306	0.915369	0.080969	-0.453533	-0.270493	0.84912	-0.027696	-0.006564	0.014555	-0.010383	-0.01628	-0.082379	0.159494
0.113498	-0.007891	0.358548	-0.314702	0.485516	-0.815648	-0.697978	-0.700672	-0.147841	-0.642897	0.522171	0.560399	-2.5e-05	-0.000111	-9e-05	-0	-0	-0	0.126848	-0.198207	-0.002961	0.309245	0.799064	0.301735	0.520043	-0.396965	0.914334	0.079662	-0.452446	-0.270483	0.849702	-0.013458	-0.007204	0.012973	-0.036017	0.011549	-0.022687	0.152985
0.113477	-0.007864	0.358518	-0.314098	0.483151	-0.817284	-0.697779	-0.701172	-0.146404	-0.643408	0.523694	0.558388	-1e-06	-3e-06	-2e-06	-0.000213	-0.001078	-0.000554	0.128428	-0.19869	-0.003307	0.309755	0.80029	0.299985	0.51917	-0.393953	0.915748	0.078358	-0.452914	-0.267625	0.850358	-0.013439	-0.006945	0.013228	0.828777	0.135175	1.382748	0.147074
0.113455	-0.007867	0.358515	-0.314027	0.48318	-0.817294	-0.697799	-0.70114	-0.146461	-0.643421	0.523711	0.558358	-1e-05	-4.4e-05	-3.6e-05	-3e-06	-1.6e-05	-8e-06	0.129914	-0.198887	-0.00342	0.310017	0.801741	0.295591	0.51945	-0.38921	0.917745	0.078705	-0.454452	-0.265659	0.850154	-0.013296	-0.005408	0.014783	-0.036435	0.012591	-0.021674	0.146091
0.113394	-0.007852	0.358527	-0.314143	0.48313	-0.81728	-0.697766	-0.701193	-0.146366	-0.643401	0.523686	0.558404	0.000161	0.000701	0.000571	-0	-0	-0	0.134246	-0.199104	-0.003431	0.31056	0.801973	0.297717	0.517876	-0.390433	0.917329	0.077485	-0.452989	-0.264722	0.851227	0.001273	-0.002647	0.016659	-0.034394	-0.002909	0.007073	0.146244
0.113331	-0.00785	0.358528	-0.314434	0.483006	-0.81724	-0.697683	-0.701325	-0.146129	-0.643349	0.523623	0.558524	-1.9e-05	-8.5e-05	-6.9e-05	-0	-0	-0	0.141523	-0.199047	-0.003286	0.31114	0.802168	0.297465	0.51772	-0.390524	0.91722	0.078305	-0.452564	-0.265381	0.851247	0.001456	-0.000662	0.018624	-0.034646	-0.002509	0.007353	0.14645
0.113307	-0.00786	0.358519	-0.314519	0.48297	-0.817229	-0.697658	-0.701364	-0.146059	-0.643334	0.523604	0.558559	-0.000336	-0.001462	-0.001191	-0.006084	0.105023	-0.201956	0.143558	-0.198987	-0.00315	0.311462	0.802241	0.297363	0.517666	-0.390574	0.91717	0.078655	-0.452392	-0.265671	0.851248	0.001171	0.012539	0.012596	0.001636	-0.015755	0.024074	0.148856
0.11326	-0.007881	0.358502	-0.314552	0.482955	-0.817226	-0.697649	-0.701379	-0.146032	-0.643328	0.523598	0.558572	-0.000102	-0.000442	-0.00036	-0	-0	-0	0.144081	-0.198809	-0.002827	0.312182	0.802401	0.297129	0.517552	-0.390668	0.917064	0.079415	-0.452026	-0.266298	0.851247	0.001842	0.0036	0.022797	-0.033008	-0.018252	0.031436	0.159735
0.113212	-0.00791	0.358491	-0.314738	0.48288	-0.817198	-0.697613	-0.701449	-0.145869	-0.643275	0.523574	0.558654	-4.4e-05	-0.00019	-0.000155	-0	-0	-0	0.146375	-0.198712	-0.002557	0.312967	0.803882	0.296359	0.51569	-0.390734	0.916767	0.082466	-0.449325	-0.268174	0.852088	0.001768	0.002881	0.021999	-0.034646	-0.002513	0.007352	0.1689
0.113194	-0.007942	0.358465	-0.314859	0.482829	-0.817181	-0.697578	-0.701504	-0.14577	-0.643253	0.523547	0.558705	-0.000201	-0.000871	-0.00071	-0	-0	-0	0.149238	-0.198752	-0.002372	0.313802	0.804022	0.296172	0.51558	-0.391069	0.916522	0.083585	-0.448782	-0.269215	0.852046	0.001754	0.002766	0.021808	-0.033005	-0.018185	0.031478	0.185564
0.113199	-0.007964	0.358447	-0.314896	0.482814	-0.817176	-0.697568	-0.70152	-0.145741	-0.643247	0.523539	0.55872	-0.000212	-0.00092	-0.00075	-0	-0	-0	0.149047	-0.198804	-0.002332	0.314232	0.803849	0.296341	0.515751	-0.391586	0.916256	0.084084	-0.448639	-0.269935	0.851893	-0.01201	-0.008645	0.030483	-0.071334	0.010225	-0.014515	0.195442
0.113191	-0.007996	0.358408	-0.314998	0.482768	-0.817164	-0.697521	-0.701582	-0.14567	-0.643247	0.523499	0.558756	-0.000179	-0.000776	-0.000633	-0	-0	-0	0.149265	-0.198909	-0.00237	0.31509	0.803502	0.296673	0.516103	-0.39271	0.915666	0.085262	-0.448279	-0.27157	0.851563	0.001562	0.000682	0.019668	-0.034644	-0.002471	0.007376	0.205988
0.113174	-0.008021	0.358387	-0.3151	0.482725	-0.81715	-0.697492	-0.701628	-0.145587	-0.643229	0.523477	0.558798	-3.5e-05	-0.000153	-0.000124	-0	-0	-0	0.150991	-0.198939	-0.002609	0.315988	0.803149	0.296972	0.516479	-0.394011	0.914959	0.086833	-0.447766	-0.273622	0.851176	0.001873	-0.012203	0.026014	-0.070932	0.010671	-0.009415	0.216768
0.113173	-0.008028	0.358381	-0.31512	0.482717	-0.817147	-0.697486	-0.701637	-0.145571	-0.643226	0.523473	0.558806	-1.3e-05	-5.5e-05	-4.5e-05	-0	-0	-0	0.150882	-0.19895	-0.00277	0.31643	0.802998	0.297089	0.516646	-0.394657	0.914598	0.087693	-0.447467	-0.274699	0.850986	0.001918	-0.0117	0.026491	-0.069285	-0.004891	0.014782	0.218673
0.113173	-0.00802	0.358374	-0.315104	0.48272	-0.817152	-0.697473	-0.701644	-0.145596	-0.643248	0.52346	0.558793	-0	-0	-0	0	0	0	0.151354	-0.199005	-0.003091	0.317433	0.803544	0.30112	0.513455	-0.397092	0.913723	0.085802	-0.444315	-0.273224	0.85311	0.002124	-0.009441	0.028649	0.053289	-0.199879	-0.118322	0.218241
0.113161	-0.008025	0.35837	-0.315146	0.482702	-0.817146	-0.697461	-0.701664	-0.145562	-0.64324	0.52345	0.55881	-0	-0	-0	0	0	0	0.152546	-0.199056	-0.003267	0.318601	0.804438	0.304739	0.509906	-0.399101	0.912995	0.084214	-0.440876	-0.271643	0.855396	0.002498	-0.00534	0.032538	0.134493	-0.329337	-0.205557	0.218537
0.113158	-0.008031	0.358353	-0.315169	0.482688	-0.817145	-0.697437	-0.701689	-0.145555	-0.643255	0.523429	0.558813	-0.000191	-0.000827	-0.000675	0	0	0	0.154394	-0.199283	-0.0033	0.319803	0.804763	0.306664	0.508238	-0.400694	0.912296	0.084232	-0.438831	-0.27183	0.856388	-0.011649	-0.005199	0.033462	-0.05405	-0.017088	-0.032999	0.233004
0.113157	-0.008038	0.358347	-0.315189	0.48268	-0.817142	-0.697431	-0.701698	-0.145539	-0.643251	0.523425	0.558821	-4e-05	-0.000173	-0.000141	0	0	0	0.155632	-0.199475	-0.003292	0.320346	0.80456	0.306877	0.508429	-0.401364	0.911936	0.084937	-0.438587	-0.272798	0.856204	-0.01226	0.004241	0.023671	-0.034813	-0.00284	0.002299	0.240754
0.113159	-0.008064	0.3583	-0.315252	0.482646	-0.817138	-0.697377	-0.701757	-0.145512	-0.643278	0.523377	0.558835	-0.000197	-0.000856	-0.000699	0	0	0	0.156139	-0.199879	-0.003286	0.321167	0.803746	0.307772	0.509178	-0.403018	0.911139	0.085659	-0.438564	-0.274452	0.855687	-0.012692	-0.000584	0.019022	-0.03668	0.012897	-0.021778	0.253854
0.113146	-0.0081	0.35823	-0.31538	0.48258	-0.817128	-0.697288	-0.70186	-0.145444	-0.643313	0.523299	0.558868	-0.000306	-0.001327	-0.001085	0	0	0	0.156368	-0.200201	-0.003273	0.321806	0.802976	0.308613	0.509881	-0.404462	0.910455	0.086117	-0.438642	-0.275776	0.855221	-0.012848	-0.00236	0.017305	-0.036679	0.01293	-0.021761	0.259018
0.11313	-0.008126	0.358209	-0.315482	0.482538	-0.817113	-0.697258	-0.701906	-0.145361	-0.643294	0.523277	0.55891	-0.000416	-0.001803	-0.001474	-0.000769	0.013296	-0.025557	0.155933	-0.200338	-0.003241	0.322083	0.802772	0.308838	0.510066	-0.404911	0.910232	0.086364	-0.438601	-0.27626	0.855086	-0.013216	0.009566	0.009899	-0.00039	-7.4e-05	-0.004869	0.259563
0.113085	-0.008133	0.358203	-0.315612	0.482482	-0.817096	-0.697221	-0.701966	-0.145255	-0.643271	0.523249	0.558963	-2e-06	-9e-06	-7e-06	0	0	0	0.156145	-0.200514	-0.003031	0.322631	0.802621	0.309007	0.510202	-0.405376	0.909983	0.086804	-0.438448	-0.276893	0.85496	0.001034	0.010802	0.010152	-0.009764	0.090077	-0.143911	0.260899
0.113013	-0.008123	0.35821	-0.31577	0.482414	-0.817076	-0.697175	-0.702038	-0.145125	-0.643243	0.523216	0.559027	-0	-0	-0	0	0	0	0.157845	-0.200495	-0.002725	0.323198	0.802367	0.30926	0.510448	-0.405902	0.909721	0.087094	-0.438425	-0.277473	0.854784	0.001218	0.012767	0.011942	-0.008113	0.07475	-0.119564	0.270168
0.112982	-0.008118	0.358214	-0.315837	0.482384	-0.817067	-0.697156	-0.702069	-0.14507	-0.643231	0.523201	0.559055	-0	-0	-0	0	0	0	0.158347	-0.20047	-0.002578	0.323474	0.802463	0.309142	0.510368	-0.40589	0.909698	0.087389	-0.438261	-0.277679	0.854801	0.001674	0.001752	0.020169	-0.032977	-0.017481	0.031904	0.274375
0.112951	-0.008114	0.358217	-0.315905	0.482355	-0.817058	-0.697136	-0.7021	-0.145014	-0.643219	0.523187	0.559082	-0	-0	-0	0	0	0	0.158487	-0.200383	-0.002335	0.324101	0.80249	0.309068	0.510371	-0.406159	0.909511	0.088078	-0.437961	-0.278372	0.854729	0.001601	0.001039	0.019451	-0.034632	-0.002235	0.007506	0.277961
0.112939	-0.008119	0.358213	-0.315947	0.482337	-0.817052	-0.697124	-0.702119	-0.14498	-0.643211	0.523178	0.559099	-1e-06	-3e-06	-2e-06	0	0	0	0.160862	-0.20028	-0.002327	0.324854	0.802074	0.309439	0.510801	-0.407234	0.908937	0.089049	-0.437725	-0.279838	0.854372	0.001515	0.000182	0.018613	-0.046087	0.102607	-0.161099	0.278378
0.112958	-0.008129	0.358205	-0.315922	0.482348	-0.817055	-0.697131	-0.702107	-0.145001	-0.643216	0.523183	0.559089	-0.000162	-0.0007	-0.000572	0	0	0	0.164699	-0.200232	-0.002497	0.325763	0.799757	0.312419	0.512617	-0.408993	0.908574	0.084574	-0.440319	-0.277698	0.853737	0.002028	-0.010229	0.027394	-0.056986	0.025124	-0.019396	0.278487
0.112967	-0.008137	0.358198	-0.315919	0.48235	-0.817056	-0.697132	-0.702106	-0.145003	-0.643216	0.523183	0.559089	-6.3e-05	-0.000274	-0.000224	0	0	0	0.166356	-0.200194	-0.002654	0.32628	0.798936	0.314689	0.512507	-0.410057	0.908357	0.081703	-0.440819	-0.275839	0.854081	0.002087	-0.009584	0.027968	0.137907	-0.426335	-0.025611	0.278969
0.113001	-0.008161	0.358153	-0.315895	0.482353	-0.817063	-0.697104	-0.702125	-0.145048	-0.643259	0.523155	0.559066	-0.000195	-0.000845	-0.000691	0	0	0	0.167171	-0.200109	-0.003131	0.327316	0.795215	0.318246	0.516084	-0.412304	0.90786	0.075691	-0.44543	-0.273385	0.852476	0.001777	-0.012881	0.024926	-0.058163	-0.009113	-0.022947	0.284646
0.112987	-0.008163	0.358124	-0.315944	0.482324	-0.817061	-0.697055	-0.702177	-0.145032	-0.643288	0.523111	0.559073	-3e-05	-0.000129	-0.000105	0	0	0	0.167929	-0.200033	-0.003766	0.32829	0.791817	0.321431	0.519326	-0.41416	0.90747	0.070023	-0.449746	-0.270944	0.850988	0.001463	-0.016246	0.021855	-0.070167	0.021599	-0.03665	0.284699
0.112986	-0.008162	0.358112	-0.315947	0.482319	-0.817063	-0.697036	-0.702194	-0.145041	-0.643307	0.523094	0.559068	-2e-05	-8.6e-05	-7.1e-05	0	0	0	0.168911	-0.200039	-0.00408	0.328694	0.79224	0.323234	0.517559	-0.415199	0.907052	0.069291	-0.448037	-0.270202	0.852125	0.001308	-0.017906	0.020347	-0.067086	0.016523	-0.039937	0.284199
0.112987	-0.008147	0.358099	-0.315914	0.482325	-0.817072	-0.697011	-0.702209	-0.145091	-0.643351	0.523068	0.559041	0.000565	0.010523	-0.008955	0.035144	-0.015736	0.016998	0.171131	-0.200033	-0.004615	0.329294	0.791413	0.327765	0.515971	-0.417545	0.906295	0.064952	-0.447313	-0.267268	0.853429	0.000652	-0.008977	0.010157	-0.02856	8.5e-05	-0.025246	0.275426
0.112998	-0.00814	0.358091	-0.315875	0.482337	-0.81708	-0.697004	-0.702206	-0.145135	-0.643377	0.52306	0.559018	-0	-0	-0	0	0	0	0.172486	-0.200017	-0.004945	0.32971	0.791049	0.334098	0.512456	-0.420013	0.905616	0.058153	-0.44564	-0.261672	0.856035	0.00068	-0.008681	0.010429	-0.014608	-0.022736	-0.039948	0.258609
0.112988	-0.008131	0.358085	-0.315881	0.48233	-0.817082	-0.696985	-0.702224	-0.145142	-0.643395	0.523043	0.559014	-0	-0	-0	0	0	0	0.172297	-0.200024	-0.005145	0.330065	0.790902	0.340158	0.508682	-0.422056	0.905086	0.051206	-0.443962	-0.255631	0.858728	0.000745	-0.007978	0.011068	-0.001011	-0.044966	-0.054212	0.246016
0.112988	-0.008123	0.358078	-0.315865	0.482333	-0.817087	-0.696972	-0.702232	-0.145167	-0.643417	0.52303	0.559001	-0	-0	-0	0	0	0	0.172441	-0.200062	-0.005226	0.33027	0.791644	0.343848	0.505034	-0.423343	0.904667	0.047885	-0.441404	-0.252154	0.861072	0.000852	-0.006824	0.012114	0.165496	-0.316971	-0.229121	0.244212
0.112989	-0.008107	0.358065	-0.315832	0.482338	-0.817096	-0.696946	-0.702247	-0.145217	-0.643462	0.523004	0.558974	-0	-0	-0	0	0	0	0.173356	-0.2002	-0.005329	0.330695	0.791737	0.345968	0.503439	-0.424614	0.904134	0.046671	-0.440011	-0.251165	0.862073	-0.013024	-0.004873	0.014748	-0.024267	-0.00722	-0.034702	0.244243
0.112989	-0.008073	0.358014	-0.315772	0.482339	-0.817119	-0.696857	-0.702311	-0.145336	-0.643587	0.522919	0.558909	-0.000311	-0.001347	-0.001102	-0.000766	0.013308	-0.025551	0.174736	-0.200345	-0.005429	0.331151	0.791287	0.346432	0.503828	-0.425582	0.903647	0.047279	-0.439884	-0.252278	0.861812	-0.01306	-0.005299	0.014353	-0.038353	0.027851	-0.046361	0.245438
0.11299	-0.008049	0.357994	-0.315859	0.48229	-0.817114	-0.696779	-0.702395	-0.145301	-0.643629	0.52285	0.558926	-5e-06	-2e-05	-1.6e-05	0	0	0	0.176377	-0.200432	-0.005462	0.331401	0.791029	0.3467	0.504048	-0.426111	0.903383	0.047572	-0.439835	-0.252859	0.861667	-0.012928	-0.003924	0.015587	-0.036668	0.013102	-0.021662	0.245473
0.112982	-0.007984	0.357929	-0.315753	0.482297	-0.817151	-0.69665	-0.702483	-0.145493	-0.64382	0.522725	0.558822	-1e-06	-5e-06	-4e-06	0	0	0	0.179455	-0.200624	-0.005451	0.332028	0.790472	0.347277	0.504523	-0.427262	0.902804	0.048224	-0.439717	-0.254131	0.861353	-0.012507	0.000418	0.019467	-0.036667	0.013126	-0.02165	0.245077
0.112954	-0.007907	0.35786	-0.315812	0.482231	-0.817167	-0.696456	-0.702661	-0.145562	-0.644001	0.522548	0.558779	-0.000264	-0.00114	-0.000933	0	0	0	0.181909	-0.200832	-0.00536	0.332837	0.790444	0.349512	0.503021	-0.428836	0.902107	0.04729	-0.43823	-0.253545	0.862283	-0.011752	-0.007558	0.030466	-0.080003	0.119496	-0.214334	0.245038
0.112937	-0.007833	0.357802	-0.315708	0.482236	-0.817204	-0.696326	-0.70275	-0.145752	-0.644192	0.522423	0.558676	-0	-0	-0	0	0	0	0.185094	-0.201019	-0.005285	0.333764	0.790181	0.349746	0.503273	-0.429825	0.901569	0.048552	-0.437733	-0.255135	0.862066	0.001797	0.003108	0.02089	-0.034618	-0.002028	0.007623	0.241609
0.112939	-0.007793	0.357768	-0.315762	0.482193	-0.817208	-0.696222	-0.70285	-0.145767	-0.644277	0.522328	0.558666	0.000569	0.010534	-0.008942	0.035138	-0.015766	0.016983	0.187255	-0.20112	-0.005324	0.334228	0.789879	0.350041	0.503541	-0.430575	0.901176	0.049189	-0.43754	-0.256117	0.861873	0.002056	-0.009854	0.027478	-0.07093	0.0106	-0.009509	0.237092
0.112941	-0.007728	0.35769	-0.315773	0.482148	-0.817231	-0.696042	-0.703006	-0.145876	-0.644467	0.522161	0.558604	-0.000164	-0.00071	-0.000581	0	0	0	0.192613	-0.201303	-0.005514	0.33501	0.787446	0.355344	0.503637	-0.433145	0.900296	0.042248	-0.439386	-0.251875	0.862184	0.001115	-0.00403	0.014518	0.193738	-0.381751	-0.231515	0.204592
0.112944	-0.007622	0.357578	-0.315701	0.482117	-0.817277	-0.695797	-0.7032	-0.146111	-0.644766	0.521929	0.558475	-2.4e-05	-0.000104	-8.5e-05	0	0	0	0.19856	-0.201405	-0.005761	0.335383	0.784253	0.360604	0.50488	-0.434768	0.899908	0.032823	-0.443481	-0.245712	0.861867	0.00038	-0.011637	0.007804	0.082219	-0.265535	0.042478	0.136414
0.112936	-0.007556	0.357514	-0.317907	0.481411	-0.816838	-0.696078	-0.703414	-0.14372	-0.643376	0.522292	0.559738	-1.2e-05	-5.3e-05	-4.4e-05	-0	0	-0	0.202642	-0.201405	-0.005869	0.33541	0.783652	0.362591	0.504391	-0.435003	0.899921	0.029148	-0.444313	-0.24272	0.862285	-0.000235	-0.002431	-0.002146	0.046581	-0.077372	-0.048582	0.102857
0.112923	-0.007386	0.357363	-0.317745	0.481388	-0.816914	-0.695736	-0.703673	-0.14411	-0.643826	0.521965	0.559525	0.00057	0.010537	-0.008935	0.035131	-0.015798	0.016966	0.211165	-0.201399	-0.005981	0.335256	0.784726	0.36584	0.500358	-0.435591	0.899746	0.025525	-0.441829	-0.238453	0.864749	-0.000427	-0.004413	-0.003901	0.010802	-0.006186	-0.037839	0.071943
0.112906	-0.007161	0.357191	-0.316885	0.47903	-0.818633	-0.695202	-0.704398	-0.143143	-0.644827	0.523157	0.557255	1.4e-05	6.1e-05	5e-05	-0.001285	-0.00643	-0.003335	0.218206	-0.201419	-0.006066	0.334908	0.784178	0.366466	0.50076	-0.436021	0.899561	0.02471	-0.442379	-0.238191	0.86454	-0.000726	-0.007492	-0.006638	-0.013396	0.115041	-0.196034	0.058023
0.112886	-0.006909	0.356963	-0.31803	0.476056	-0.819923	-0.69505	-0.705195	-0.139914	-0.644424	0.524795	0.556178	0.000436	0.009951	-0.009409	0.02861	-0.048485	-2.4e-05	0.224242	-0.201372	-0.006156	0.334483	0.783778	0.366927	0.501047	-0.436215	0.899489	0.023877	-0.442895	-0.237751	0.864396	-0.000837	-0.008637	-0.007675	-0.001695	0.014577	-0.0248	0.050551
0.112873	-0.006762	0.356833	-0.319371	0.473054	-0.821137	-0.69508	-0.705861	-0.136365	-0.643727	0.526614	0.555266	0.000532	0.010365	-0.009068	0.020368	-0.089889	-0.021594	0.228389	-0.201371	-0.006197	0.334242	0.783076	0.365505	0.50318	-0.435927	0.899593	0.025186	-0.444421	-0.239543	0.863118	-0.001285	0.002314	-0.016091	0.028234	0.012622	-0.000945	0.045312
0.112838	-0.006369	0.356469	-0.322491	0.469419	-0.822003	-0.69505	-0.706894	-0.131064	-0.6422	0.528479	0.555261	0.000436	0.009945	-0.009408	-0.052081	-0.455239	-0.212528	0.237389	-0.201411	-0.006295	0.333787	0.784814	0.353681	0.50889	-0.424444	0.905051	0.025791	-0.452421	-0.236693	0.859741	-0.000733	-0.007545	-0.006736	-0.067969	0.136902	0.063699	0.020358
0.112789	-0.005904	0.356073	-0.320417	0.468411	-0.823388	-0.698714	-0.703744	-0.128511	-0.63926	0.53355	0.553803	0.000467	0.010074	-0.009297	0.026175	-0.06113	-0.0068	0.242945	-0.201432	-0.006393	0.333548	0.782158	0.354863	0.512145	-0.424344	0.90522	0.021067	-0.457096	-0.234261	0.857932	-0.000274	-0.002818	-0.00252	-1.6e-05	2.6e-05	1.6e-05	-0.001777
0.11279	-0.005687	0.355882	-0.322331	0.467762	-0.823011	-0.698706	-0.704099	-0.126595	-0.638304	0.533653	0.554806	0.000535	0.010364	-0.009057	0.034876	-0.016506	0.016424	0.245307	-0.201425	-0.006449	0.333525	0.780786	0.355488	0.513803	-0.424411	0.905237	0.018855	-0.459377	-0.233244	0.856991	-0.000117	-0.001205	-0.001078	-0	0	0	-0.007716
0.112815	-0.005359	0.355572	-0.322577	0.462474	-0.825898	-0.698261	-0.705301	-0.122283	-0.638666	0.536668	0.551471	-9.4e-05	-0.000405	-0.000332	-0.019003	-0.21541	0.111241	0.249541	-0.201403	-0.006452	0.333535	0.779345	0.356186	0.515504	-0.424534	0.905223	0.016577	-0.461706	-0.232229	0.856014	9.9e-05	0.001021	0.000914	-0	0	0	-0.020024
0.112854	-0.00516	0.355366	-0.324584	0.461789	-0.825495	-0.698212	-0.705692	-0.120297	-0.637701	0.536746	0.552511	-7.4e-05	-0.000317	-0.00026	-5e-06	-2.6e-05	-1.4e-05	0.253577	-0.201389	-0.006413	0.333569	0.77917	0.356379	0.515636	-0.424738	0.90513	0.016463	-0.461815	-0.232298	0.855936	3.2e-05	0.00033	0.000295	-0	0	0	-0.048978
0.11287	-0.005016	0.355222	-0.320986	0.461336	-0.827153	-0.701963	-0.702135	-0.119269	-0.635404	0.541771	0.550248	-3.8e-05	-0.000165	-0.000135	-0.00011	-0.00056	-0.000296	0.254503	-0.201347	-0.006359	0.333546	0.778767	0.356825	0.515936	-0.425148	0.904945	0.016084	-0.462118	-0.232336	0.855763	0.01402	-0.00031	-0.001137	0.002045	-0.015205	0.029245	-0.083598
0.112864	-0.004951	0.35517	-0.321013	0.461292	-0.827167	-0.701816	-0.702271	-0.119339	-0.635554	0.541633	0.550211	-1e-06	-2e-06	-2e-06	-2e-06	-8e-06	-4e-06	0.255319	-0.2013	-0.006281	0.33345	0.77874	0.356866	0.515948	-0.425041	0.905	0.015791	-0.462262	-0.232057	0.855761	-0.000585	0.009547	-0.009655	0.036311	-0.012616	0.017139	-0.099321
0.112848	-0.004835	0.355067	-0.318114	0.464245	-0.826635	-0.710095	-0.69434	-0.116745	-0.627776	0.54927	0.551567	-0	-1e-06	-1e-06	-1e-06	-0	0	0.257142	-0.20117	-0.005957	0.333006	0.777325	0.351637	0.52164	-0.42312	0.905813	0.020128	-0.466393	-0.236817	0.852208	-0.000837	0.006947	-0.011979	-0.141964	0.297048	0.179297	-0.125933
0.112836	-0.004689	0.35495	-0.315658	0.465933	-0.826627	-0.7138	-0.690536	-0.116715	-0.624812	0.552621	0.551586	-0	-0	-0	-0	-0	0	0.260347	-0.201036	-0.005378	0.332285	0.776436	0.343491	0.528349	-0.419151	0.907502	0.026194	-0.471441	-0.242239	0.847895	-0.001264	0.018165	-0.020123	-0.152485	0.348814	0.272537	-0.150743
0.112822	-0.004591	0.354885	-0.317998	0.465242	-0.826119	-0.713946	-0.690792	-0.114276	-0.623455	0.552882	0.552858	1e-05	4.4e-05	3.6e-05	-0	0	-0	0.261962	-0.200956	-0.005002	0.331865	0.776144	0.33922	0.531529	-0.416858	0.908468	0.029135	-0.473954	-0.244623	0.845808	0.012775	0.018231	-0.020921	-0.101281	0.250844	0.249673	-0.165795
0.112802	-0.004396	0.354729	-0.317684	0.466348	-0.825616	-0.717914	-0.687057	-0.111906	-0.619046	0.556587	0.554094	0.0006	0.010634	-0.00882	0.034764	-0.015736	0.016426	0.267027	-0.200774	-0.004054	0.330857	0.775044	0.328814	0.539611	-0.411531	0.910632	0.036398	-0.480378	-0.250702	0.840386	0.012242	0.028534	-0.029852	-0.136201	0.352989	0.342228	-0.188097
0.112774	-0.004133	0.35451	-0.308906	0.47303	-0.825145	-0.73376	-0.670468	-0.109728	-0.604762	0.570971	0.555231	-1.2e-05	-5.2e-05	-4.3e-05	-0.123125	-0.016373	0.082849	0.274251	-0.20053	-0.002908	0.329532	0.773408	0.314022	0.550655	-0.40428	0.913383	0.047154	-0.489108	-0.259493	0.832646	0.011443	0.0361	-0.041218	-0.158906	0.444169	0.395263	-0.206028
0.112757	-0.003712	0.354171	-0.304588	0.477358	-0.824258	-0.7455	-0.658053	-0.105682	-0.592482	0.581698	0.557332	0.000607	0.010653	-0.008797	-4.520206	-0.60013	3.096933	0.281408	-0.200228	-0.001633	0.327978	0.77147	0.294295	0.564105	-0.394876	0.916601	0.062043	-0.499755	-0.270997	0.822599	0.011229	0.034066	-0.043011	-0.21822	0.459021	0.612001	-0.231678
0.112753	-0.003421	0.353936	-0.303274	0.479895	-0.823269	-0.753373	-0.649727	-0.101273	-0.583131	0.588915	0.559611	0.001218	0.021323	-0.017574	-2.766494	1.121621	-0.966169	0.284268	-0.20004	-0.000918	0.327119	0.771077	0.284876	0.569453	-0.389827	0.918288	0.068668	-0.504314	-0.275305	0.818375	0.011294	0.034902	-0.042229	-0.052137	0.262729	0.280964	-0.241852
0.112735	-0.002668	0.35333	-0.29458	0.487401	-0.822015	-0.772099	-0.628208	-0.095859	-0.562759	0.60583	0.562404	0.001231	0.021365	-0.017522	0.066484	-0.032397	0.035409	0.289909	-0.199573	0.000545	0.325371	0.769347	0.261612	0.582801	-0.378528	0.921529	0.086224	-0.515462	-0.287281	0.807237	0.011181	0.033993	-0.043005	-0.101614	0.258792	0.48554	-0.263478
0.11269	-0.001674	0.352541	-0.282286	0.498909	-0.81942	-0.800767	-0.592865	-0.085174	-0.527957	0.631498	0.567889	0.001874	0.032129	-0.026182	-0.063931	0.067215	-0.097377	0.298418	-0.198999	0.002018	0.323655	0.76723	0.2355	0.596565	-0.366422	0.92429	0.106568	-0.52725	-0.300662	0.794653	0.011271	0.035358	-0.041708	-0.346092	0.698912	0.583517	-0.281395
0.112644	-0.001059	0.35206	-0.276026	0.504458	-0.818154	-0.813831	-0.575497	-0.080337	-0.511037	0.643035	0.570416	0.001892	0.032178	-0.026119	0.089468	0.046083	-0.116446	0.30376	-0.198618	0.002674	0.322883	0.76555	0.225828	0.602433	-0.361203	0.925677	0.112195	-0.533268	-0.303785	0.789432	0.025244	0.035995	-0.041989	-0.189476	0.362036	0.629588	-0.297433
0.112464	0.00038	0.350967	-0.254754	0.520983	-0.814692	-0.85016	-0.522078	-0.06808	-0.460492	0.674625	0.576936	-0.011053	0.045092	-0.033153	-4.489614	-0.340479	3.137938	0.31258	-0.197716	0.003962	0.321544	0.761444	0.208641	0.61373	-0.351266	0.928472	0.120358	-0.545659	-0.307499	0.779464	0.025642	0.041453	-0.036941	-0.11714	0.218956	0.576154	-0.348863
0.112153	0.001888	0.349839	-0.234302	0.535605	-0.811341	-0.884398	-0.463917	-0.05092	-0.403385	0.704951	0.583396	-0.011667	0.034254	-0.024505	-0.308958	0.13473	-0.035719	0.316331	-0.196715	0.005068	0.320596	0.756055	0.199561	0.623336	-0.344864	0.930855	0.120463	-0.557129	-0.306302	0.771783	0.026793	0.022206	-0.018	-0.034019	0.135421	0.203905	-0.373566
0.111966	0.002556	0.349336	-0.219264	0.546089	-0.808551	-0.903783	-0.425834	-0.042582	-0.367298	0.720738	0.587925	-0.011724	0.033912	-0.024762	-4.408077	-0.174545	3.124879	0.320233	-0.196142	0.005534	0.320216	0.752144	0.196178	0.629114	-0.343149	0.931555	0.119948	-0.563452	-0.306353	0.767159	0.026778	0.022464	-0.017763	-0.222081	0.405534	0.393696	-0.383383
0.111453	0.003916	0.348363	-0.195344	0.565701	-0.801166	-0.93502	-0.353873	-0.021954	-0.295696	0.744115	0.599069	-0.01179	0.033411	-0.02513	-5.896921	1.449363	1.19209	0.337613	-0.195051	0.006226	0.31961	0.739197	0.187998	0.646712	-0.341968	0.931966	0.120129	-0.581042	-0.310199	0.75235	0.026712	0.022382	-0.017842	0.113972	1.138281	-0.154536	-0.402664
0.110683	0.005188	0.347458	-0.165882	0.584146	-0.794545	-0.959932	-0.280128	-0.005604	-0.225649	0.761053	0.6082	-0.026364	0.023041	-0.016376	-4.379378	0.188977	2.978129	0.363623	-0.194128	0.006806	0.319036	0.726496	0.181051	0.662885	-0.343496	0.931119	0.122318	-0.595973	-0.316798	0.737779	0.013158	0.008833	-0.011091	-0.136904	0.332684	0.023094	-0.424917
0.109626	0.006258	0.346596	-0.135363	0.598076	-0.789954	-0.976581	-0.215039	0.004469	-0.167037	0.771316	0.614164	-0.040661	0.021797	-0.017618	-1.282432	0.13204	0.792895	0.389286	-0.193337	0.007514	0.318368	0.718618	0.17742	0.672385	-0.346131	0.929819	0.124754	-0.603947	-0.322615	0.728718	0.02649	0.020634	-0.019449	-0.23729	0.50084	0.244539	-0.445954
0.10901	0.006745	0.346137	-0.12099	0.604219	-0.787608	-0.982828	-0.184193	0.009607	-0.139125	0.774496	0.617112	-0.027533	0.018021	-0.020506	-2.707508	1.597166	-1.021767	0.39748	-0.193019	0.007987	0.317972	0.716298	0.173567	0.675858	-0.342089	0.931479	0.123515	-0.60899	-0.319903	0.72571	0.012121	0.032394	-0.025938	0.118801	0.288729	-0.068138	-0.450861
0.10762	0.007329	0.345209	-0.10054	0.620293	-0.777929	-0.992135	-0.120977	0.031693	-0.074335	0.774227	0.628549	-0.042665	0.013781	-0.024301	-0.011028	0.180985	-0.299054	0.417991	-0.192613	0.009079	0.31704	0.707787	0.170372	0.685567	-0.34442	0.930487	0.124512	-0.617568	-0.324473	0.716372	0.01204	0.031722	-0.026514	-0.100021	0.35968	0.132175	-0.466599
0.106075	0.007856	0.344216	-0.099003	0.6421	-0.760231	-0.995021	-0.072056	0.06865	-0.010584	0.762446	0.646986	-0.041829	0.025105	-0.032483	-1.335033	1.619996	-2.060477	0.440491	-0.192434	0.010279	0.31602	0.700243	0.159987	0.695741	-0.339838	0.931704	0.127955	-0.628613	-0.326248	0.705883	-0.001811	0.031362	-0.025842	-0.035587	0.277358	0.034084	-0.479948
0.105247	0.008176	0.343705	-0.091894	0.647054	-0.756916	-0.995672	-0.049598	0.078411	0.013302	0.760043	0.649757	-0.0426	0.014373	-0.023945	-1.197995	0.333644	0.647148	0.437491	-0.192394	0.010854	0.315532	0.695694	0.155608	0.701276	-0.34006	0.931215	0.130886	-0.633526	-0.329736	0.699844	-0.001765	0.032059	-0.025174	-0.077414	0.34402	0.082885	-0.484335
0.103577	0.008797	0.342611	-0.066677	0.643832	-0.762286	-0.99739	-0.022045	0.068553	0.027408	0.764069	0.644573	-0.029868	0.009389	-0.027908	0.181486	0.180688	-0.429139	0.421617	-0.192393	0.01184	0.314646	0.68936	0.14041	0.710674	-0.329604	0.934342	0.135279	-0.645865	-0.327681	0.689453	-0.001324	0.019195	-0.018768	-0.252037	0.57889	0.228979	-0.498787
0.102019	0.009119	0.341569	-0.047757	0.629694	-0.775403	-0.998514	-0.010024	0.053291	0.025837	0.776016	0.630205	-0.044191	0.009023	-0.02868	0.33465	-0.601539	-0.116828	0.400268	-0.192434	0.01272	0.313898	0.682794	0.137708	0.71751	-0.330898	0.933805	0.135828	-0.652147	-0.330346	0.682231	-0.001216	0.020759	-0.017297	-0.13631	0.415059	0.07514	-0.513198
0.100475	0.009144	0.340575	-0.04596	0.610549	-0.790672	-0.998861	-0.018681	0.04357	0.011882	0.791018	0.6117	-0.032183	-0.006099	-0.023662	0.349632	-0.642466	0.335185	0.383671	-0.192528	0.013493	0.313289	0.67833	0.132658	0.722678	-0.326646	0.935413	0.135051	-0.658919	-0.327843	0.676911	-0.014933	0.021184	-0.015929	-0.15941	0.36019	0.277437	-0.539313
0.099831	0.009019	0.340068	-0.041338	0.595071	-0.802637	-0.999117	-0.020022	0.036547	0.005721	0.802702	0.596375	-0.032625	-0.00743	-0.024898	1.169678	-1.967421	1.513017	0.37627	-0.192619	0.01389	0.313018	0.676753	0.127877	0.725014	-0.321484	0.937216	0.134938	-0.663069	-0.324568	0.674431	-0.001059	0.022979	-0.015206	0.021008	0.151918	-0.081719	-0.556753
0.098624	0.008481	0.339137	-0.021432	0.565046	-0.824809	-0.999748	-0.01576	0.015117	-0.004438	0.824224	0.56627	-0.033049	-0.008369	-0.025927	-0.011114	-0.3802	0.314951	0.369524	-0.192689	0.014728	0.312594	0.674938	0.111665	0.72937	-0.309116	0.94029	0.142248	-0.670764	-0.321617	0.668208	-0.000363	0.013902	-0.005358	-0.038328	0.263039	-0.000481	-0.567286
0.097491	0.007872	0.338339	-0.014314	0.554307	-0.832216	-0.999883	-0.006813	0.012597	0.001324	0.831613	0.555378	-0.032528	-0.005995	-0.024069	-0.003068	-0.359292	0.518041	0.367336	-0.192576	0.015314	0.31228	0.671596	0.098797	0.734295	-0.297917	0.943371	0.145708	-0.679141	-0.316748	0.662043	0.013169	0.011319	-0.008693	-0.159987	0.297197	0.288047	-0.565714
0.096883	0.007643	0.337987	-0.010689	0.555577	-0.831424	-0.999866	0.003423	0.015078	0.011229	0.830786	0.556503	-0.03208	-0.004191	-0.022577	-5.803045	1.501662	1.394598	0.367966	-0.192484	0.015459	0.312119	0.668495	0.090965	0.738127	-0.287767	0.946763	0.144099	-0.686543	-0.30886	0.658124	-0.000129	-0.001904	-0.001764	-0.097298	0.255699	-0.057195	-0.564599
0.095675	0.007351	0.337479	-0.00066	0.556787	-0.830682	-0.999509	0.025282	0.017677	0.030838	0.829598	0.557533	-0.031544	-0.009664	-0.009527	-0.413471	-0.034897	0.339051	0.373734	-0.192309	0.015555	0.311812	0.654817	0.077059	0.751843	-0.268786	0.95344	0.13653	-0.707118	-0.291593	0.644066	-0.000299	-0.004456	-0.004133	-0.040418	0.277155	-0.160537	-0.564296
0.094349	0.007161	0.337025	0.00676	0.557758	-0.830003	-0.998941	0.041312	0.019562	0.045185	0.828302	0.558482	-0.032067	-0.011045	-0.010856	-0.12648	0.062204	-0.025072	0.383274	-0.192199	0.015625	0.311608	0.646242	0.064733	0.760376	-0.255607	0.957146	0.135906	-0.719784	-0.282277	0.634109	-2.8e-05	-0.000424	-0.000393	0.295508	0.30297	0.243157	-0.583084
0.093066	0.006798	0.336429	0.018842	0.557406	-0.830053	-0.997812	0.062943	0.019554	0.063115	0.827178	0.558408	-0.033009	-0.013734	-0.013392	-3.344655	-1.503064	5.052431	0.379078	-0.192067	0.016157	0.311572	0.642277	0.058528	0.764229	-0.246651	0.95977	0.133938	-0.72643	-0.274606	0.629884	1.3e-05	0.019795	0.000126	0.021544	0.09307	-0.115786	-0.609014
0.092444	0.006557	0.336138	0.028566	0.554357	-0.831816	-0.997102	0.074355	0.015247	0.070259	0.828284	0.555912	-0.033018	-0.013522	-0.013281	-0.114465	-0.054225	0.160054	0.377323	-0.191898	0.016531	0.311634	0.642072	0.055238	0.764646	-0.241051	0.961306	0.133116	-0.728491	-0.269867	0.629552	0.013875	0.022653	0.0018	0.039927	-0.045051	0.06939	-0.611337
0.091145	0.006052	0.335598	0.06265	0.541404	-0.838452	-0.99448	0.10457	-0.006849	0.083884	0.833583	0.546013	-0.046927	-0.01109	-0.011845	-0.001832	-0.013524	0.008053	0.37665	-0.191409	0.017353	0.311855	0.643411	0.043193	0.764296	-0.222696	0.965732	0.133047	-0.733146	-0.255874	0.629991	0.013968	0.024972	0.003888	4.254187	0.788044	3.412263	-0.640774
0.089758	0.005577	0.335129	0.093897	0.535412	-0.839382	-0.989527	0.142907	-0.019601	0.109336	0.83177	0.54427	-0.032458	-0.010743	-0.011063	0.159859	0.446053	0.357095	0.376454	-0.190767	0.018142	0.312086	0.636588	0.040151	0.770153	-0.211485	0.969396	0.124419	-0.742366	-0.24214	0.624599	0.014407	0.012676	0.010648	-0.005812	0.066657	-0.08623	-0.678608
0.089049	0.005406	0.334944	0.105457	0.532022	-0.840165	-0.986594	0.161678	-0.021519	0.12425	0.830514	0.542988	-0.04553	-0.005768	-0.007233	-0.010122	-0.037132	0.068381	0.37661	-0.190456	0.018504	0.312137	0.630769	0.033565	0.775239	-0.195429	0.973679	0.117002	-0.751678	-0.225358	0.619723	0.014177	0.009297	0.007534	4.276976	0.729968	3.315309	-0.693958
0.087597	0.005174	0.334671	0.129112	0.53017	-0.83803	-0.979915	0.197641	-0.026	0.151678	0.8239	0.546085	-0.03119	-0.006167	-0.007033	-4.619822	-0.165908	3.126256	0.377618	-0.189907	0.019073	0.312103	0.617659	0.033851	0.785712	-0.182535	0.977912	0.101507	-0.765675	-0.206171	0.609179	0.01329	0.015981	-0.004422	0.132722	0.216483	-0.187112	-0.7494
0.086107	0.005041	0.334482	0.150751	0.5264	-0.836793	-0.973517	0.226127	-0.033196	0.171553	0.818987	0.547592	-0.030418	-0.003479	-0.004638	0.004055	-0.049324	0.094061	0.378915	-0.189527	0.019725	0.311857	0.608826	0.029333	0.792756	-0.169689	0.980954	0.094167	-0.775638	-0.191902	0.601184	0.012675	0.027271	-0.012141	0.255231	0.471297	0.499737	-0.802214
0.08474	0.00503	0.334405	0.169312	0.52271	-0.835556	-0.967708	0.248736	-0.040549	0.18642	0.814794	0.548986	-0.029466	-0.000374	-0.001824	0.001025	0.054393	-0.077716	0.381689	-0.189278	0.020589	0.311518	0.604212	0.02796	0.796327	-0.160911	0.983029	0.08772	-0.781098	-0.181187	0.597429	-0.000337	0.01581	-0.003594	0.015007	0.201074	-0.282938	-0.824891
0.084121	0.005056	0.334398	0.178788	0.516709	-0.837312	-0.964502	0.260067	-0.045521	0.194007	0.81509	0.545908	-0.028853	0.001545	-6.8e-05	-0.005209	0.02929	-0.056696	0.380291	-0.189172	0.021029	0.311316	0.600757	0.027929	0.798938	-0.155985	0.98423	0.083029	-0.784753	-0.17455	0.594607	0.013118	0.014138	-0.00609	0.026908	0.087164	-0.115565	-0.840785
0.082958	0.005177	0.334436	0.188713	0.509907	-0.839302	-0.961014	0.271686	-0.051083	0.201738	0.815592	0.542345	-0.028385	0.003033	0.001277	-0.002238	0.044361	-0.083755	0.376652	-0.188958	0.021877	0.310923	0.593208	0.02503	0.804655	-0.145284	0.986389	0.076566	-0.792509	-0.162368	0.587732	-0.001001	0.02606	-0.012217	0.062089	0.089576	-0.12724	-0.874632
0.081908	0.005327	0.334532	0.197651	0.503772	-0.840948	-0.957557	0.282752	-0.055738	0.209448	0.815651	0.539325	-0.02787	0.004607	0.002709	-0.001969	0.029429	-0.059106	0.375192	-0.188715	0.022796	0.310527	0.58769	0.023586	0.808737	-0.13392	0.988579	0.068627	-0.798598	-0.148681	0.583093	-0.000948	0.027218	-0.011143	1.41352	0.086988	0.999714	-0.897741
0.081362	0.005442	0.334608	0.204373	0.50007	-0.84155	-0.954217	0.29351	-0.057387	0.218046	0.814133	0.53821	-0.027215	0.00654	0.004489	-0.002274	0.029408	-0.058911	0.375196	-0.188598	0.023278	0.31035	0.585044	0.026075	0.810577	-0.133834	0.988841	0.064928	-0.800552	-0.146515	0.580959	0.012594	0.028117	-0.011301	0.39897	0.521465	-0.45255	-0.911317
0.080422	0.005703	0.334783	0.210005	0.49718	-0.841876	-0.951013	0.303618	-0.057988	0.226511	0.812199	0.537635	-0.026829	0.007653	0.005497	-0.001969	0.029429	-0.059106	0.375515	-0.188346	0.024093	0.310102	0.582264	0.022163	0.812692	-0.121796	0.990683	0.060387	-0.804491	-0.134186	0.578489	0.013134	0.016218	-0.00418	1.38579	0.071489	1.004815	-0.952517
0.079563	0.005968	0.334978	0.21427	0.496053	-0.841466	-0.947752	0.313949	-0.056321	0.235967	0.808958	0.538454	-0.013122	0.004658	0.003508	-0.000984	0.014714	-0.029553	0.379886	-0.188085	0.024741	0.309985	0.579859	0.021074	0.814439	-0.115553	0.991645	0.056752	-0.807145	-0.12706	0.576399	-0.000327	0.016752	-0.002713	0.157866	-0.00496	0.102459	-1.002608
0.079168	0.006063	0.33507	0.21926	0.494286	-0.84122	-0.944183	0.32469	-0.055378	0.245484	0.805798	0.538937	-0.013363	0.003958	0.002853	-0.001012	0.014713	-0.029536	0.389993	-0.187958	0.025094	0.309959	0.581372	0.023014	0.813307	-0.115088	0.991834	0.054344	-0.806123	-0.125239	0.578224	-0.000251	0.018325	-0.001294	0.068596	-0.075086	-0.031037	-1.023035
0.078564	0.006162	0.335223	0.226758	0.491541	-0.840841	-0.938565	0.34082	-0.053938	0.259774	0.800809	0.539675	-0.013687	0.003029	0.001984	-0.000984	0.014715	-0.029553	0.405742	-0.18783	0.025858	0.310009	0.579935	0.017501	0.81447	-0.102307	0.993378	0.051642	-0.808879	-0.113312	0.576834	-0.000115	0.02112	0.001209	1.115403	1.971377	-1.82446	-1.054512
