0.170349	-0.023665	0.368348	-0.755931	0.277384	-0.593019	-0.49901	-0.830468	0.247555	-0.422881	0.482708	0.766937	0	0	0	0	0	0	0.520793	-0.198957	-0.056299	0.317344	-0.64382	-0.603336	0.470609	0.750057	-0.618997	0.232791	0.151652	0.503618	0.850432	1e-05	9.4e-05	0.000116	0	0	0	0.535271
0.170349	-0.023665	0.368348	-0.755931	0.277384	-0.593019	-0.49901	-0.830468	0.247555	-0.422881	0.482708	0.766937	0	0	0	0	0	0	0.520511	-0.198978	-0.05629	0.317373	-0.64371	-0.603383	0.470699	0.750148	-0.618899	0.232758	0.151669	0.503682	0.850391	7.7e-05	0.000704	0.000864	0	0	0	0.535393
0.17035	-0.023659	0.368366	-0.755914	0.2774	-0.593033	-0.499039	-0.830449	0.24756	-0.422876	0.482732	0.766925	0.000216	-0.009991	0.009516	-0.035746	0.010541	-0.019557	0.520191	-0.198989	-0.056284	0.317381	-0.643708	-0.603384	0.470701	0.750149	-0.618897	0.232757	0.15167	0.503683	0.85039	0	4e-06	5e-06	-0.012412	0.089676	-0.177072	0.534956
0.170341	-0.023639	0.368395	-0.75598	0.277343	-0.592975	-0.498981	-0.830461	0.247638	-0.422827	0.482744	0.766944	0.000113	0.001966	0.001566	0.00089	-0.0121	0.026141	0.519996	-0.199001	-0.056284	0.317382	-0.6438	-0.603344	0.470628	0.750077	-0.618968	0.232803	0.15164	0.503644	0.850418	0	0	0	0	0	0	0.535333
0.170324	-0.023592	0.368472	-0.755908	0.277411	-0.593037	-0.499094	-0.830395	0.247632	-0.422823	0.482818	0.766899	0.000116	0.002011	0.0016	-6.4e-05	2.7e-05	8.3e-05	0.519928	-0.199013	-0.056276	0.317376	-0.643793	-0.603347	0.470632	0.750079	-0.618976	0.232777	0.151662	0.50363	0.850423	0	0	0	0	0	0	0.535199
0.170304	-0.023579	0.368496	-0.755909	0.277412	-0.593034	-0.499105	-0.830382	0.247652	-0.422808	0.48284	0.766894	6.9e-05	0.001203	0.000957	-0.026332	0.010996	0.034052	0.520301	-0.199013	-0.056276	0.317376	-0.643793	-0.603347	0.470632	0.750079	-0.618976	0.232777	0.151662	0.50363	0.850423	0	0	0	0	0	0	0.535607
0.170301	-0.02359	0.368435	-0.755854	0.277457	-0.593084	-0.499117	-0.830413	0.247525	-0.422892	0.482761	0.766897	-9.4e-05	-0.001625	-0.001293	-0	0	0	0.520524	-0.199002	-0.056276	0.317375	-0.643811	-0.603339	0.470618	0.750064	-0.61899	0.232786	0.151655	0.503623	0.850428	0	0	0	0	0	0	0.535486
0.17032	-0.023616	0.368387	-0.755883	0.277428	-0.59306	-0.499062	-0.83045	0.247511	-0.422905	0.482714	0.76692	-1.6e-05	-0.00028	-0.000223	0	0	0	0.520687	-0.199002	-0.056281	0.317368	-0.643795	-0.603346	0.47063	0.750077	-0.618978	0.232778	0.151661	0.503629	0.850423	-0	-0	-1e-06	0	0	0	0.535451
0.170319	-0.023616	0.368375	-0.755886	0.277425	-0.593058	-0.499047	-0.830464	0.247494	-0.422917	0.482692	0.766927	-6e-06	-0.000102	-8.1e-05	0	0	0	0.520463	-0.199013	-0.056276	0.317376	-0.643793	-0.603347	0.470632	0.750079	-0.618976	0.232777	0.151662	0.50363	0.850423	2e-06	1.9e-05	2.3e-05	0	0	0	0.535514
0.170309	-0.023623	0.368382	-0.755912	0.277403	-0.593034	-0.499031	-0.830461	0.247537	-0.422889	0.48271	0.766931	-3.6e-05	-0.00063	-0.000501	0	0	0	0.520408	-0.199013	-0.056276	0.317376	-0.643793	-0.603347	0.470632	0.750079	-0.618976	0.232777	0.151662	0.50363	0.850423	0	0	0	0	0	0	0.535683
0.17032	-0.023616	0.368387	-0.755883	0.277428	-0.59306	-0.499062	-0.83045	0.247511	-0.422905	0.482714	0.76692	6e-05	0.001039	0.000827	0.00089	-0.012101	0.026141	0.520776	-0.199014	-0.056289	0.317376	-0.643765	-0.603359	0.470655	0.750104	-0.618942	0.232786	0.151652	0.503659	0.850407	-1e-06	-8e-06	-1e-05	0	0	0	0.535462
0.170319	-0.023623	0.368382	-0.755896	0.277416	-0.593048	-0.499048	-0.830455	0.247524	-0.422898	0.482712	0.766925	-0	-0	-0	0	0	0	0.520268	-0.199002	-0.056289	0.317375	-0.643784	-0.603351	0.470641	0.75009	-0.618956	0.232795	0.151646	0.503651	0.850413	-0	-0	-0	0	0	0	0.535472
0.170319	-0.02363	0.368376	-0.75591	0.277404	-0.593037	-0.499033	-0.83046	0.247536	-0.422891	0.48271	0.76693	-2e-05	-0.000341	-0.000272	0	0	0	0.520437	-0.199002	-0.056295	0.317368	-0.643768	-0.603358	0.470653	0.750102	-0.618943	0.232787	0.151651	0.503658	0.850408	-0.000122	-0.001108	-0.001361	-0.001799	0.012994	-0.025658	0.53535
0.170328	-0.023651	0.368359	-0.757564	0.272901	-0.593015	-0.49408	-0.83341	0.247558	-0.425728	0.480194	0.766939	0.014014	-0.001747	-0.00177	3.277387	-1.370743	-4.235073	0.520613	-0.199002	-0.056295	0.317368	-0.643768	-0.603358	0.470653	0.750102	-0.618943	0.232787	0.151651	0.503658	0.850408	-0	-0	-0	0	0	0	0.535056
0.170328	-0.023665	0.368361	-0.757589	0.27288	-0.592994	-0.494065	-0.833406	0.2476	-0.425702	0.480213	0.766943	-4e-06	-6.7e-05	-5.4e-05	0	-0	-0	0.520545	-0.199002	-0.056289	0.317375	-0.643784	-0.603351	0.470641	0.75009	-0.618956	0.232795	0.151646	0.503651	0.850413	-0.015725	0.000221	0.001215	-0.002045	0.015205	-0.029245	0.535163
0.170328	-0.023658	0.368354	-0.757578	0.272889	-0.593003	-0.494065	-0.833415	0.247571	-0.425721	0.480192	0.766945	-0	-0	-0	0	0	0	0.520017	-0.198979	-0.056295	0.317366	-0.643804	-0.603342	0.470624	0.750073	-0.618971	0.232805	0.151638	0.503642	0.85042	-0	-1e-06	-1e-06	0	0	0	0.535044
0.170339	-0.023659	0.368366	-0.757559	0.272905	-0.593019	-0.494096	-0.833395	0.247574	-0.425718	0.480217	0.766931	4.1e-05	0.000718	0.000572	0	0	0	0.520457	-0.198978	-0.05629	0.317373	-0.64382	-0.603335	0.470611	0.750061	-0.618984	0.232813	0.151633	0.503636	0.850425	8.8e-05	0.000801	0.000984	0	0	0	0.535231
0.17036	-0.023659	0.368365	-0.757528	0.272932	-0.593047	-0.494129	-0.833384	0.247547	-0.425735	0.480222	0.766918	0	0	0	0	0	0	0.520352	-0.198966	-0.056284	0.317379	-0.643854	-0.60332	0.470583	0.750034	-0.61901	0.23283	0.151622	0.503621	0.850435	4e-06	3.7e-05	4.5e-05	0	0	0	0.53525
0.17036	-0.023666	0.36836	-0.757541	0.27292	-0.593035	-0.494115	-0.833389	0.247559	-0.425728	0.48022	0.766924	-0	-1e-06	-1e-06	0	0	0	0.520529	-0.198988	-0.056273	0.317394	-0.643849	-0.603322	0.470587	0.750038	-0.619007	0.232828	0.151624	0.503623	0.850434	9e-06	8.3e-05	0.000102	0	0	0	0.535165
0.170339	-0.023659	0.368366	-0.757559	0.272905	-0.593019	-0.494096	-0.833395	0.247574	-0.425718	0.480217	0.766931	0	6e-06	5e-06	0	0	0	0.520338	-0.198987	-0.056262	0.317408	-0.643881	-0.603308	0.470562	0.750012	-0.619031	0.232844	0.151613	0.50361	0.850443	3e-06	3.2e-05	3.9e-05	0	0	0	0.53527
0.170339	-0.023659	0.368366	-0.757559	0.272905	-0.593019	-0.494096	-0.833395	0.247574	-0.425718	0.480217	0.766931	0	0	0	0	0	0	0.520224	-0.198964	-0.056268	0.317399	-0.643902	-0.603299	0.470545	0.749996	-0.619047	0.232854	0.151606	0.503601	0.85045	-5e-06	-5e-05	-6.1e-05	0	0	0	0.535426
0.17035	-0.023659	0.368366	-0.757544	0.272919	-0.593033	-0.494113	-0.83339	0.24756	-0.425727	0.480219	0.766925	0	0	0	0	0	0	0.520259	-0.198917	-0.056274	0.317389	-0.643959	-0.603275	0.470499	0.749952	-0.619091	0.232882	0.151587	0.503576	0.850468	-0	-1e-06	-1e-06	0	0	0	0.535254
0.17035	-0.023659	0.368366	-0.757544	0.272919	-0.593033	-0.494113	-0.83339	0.24756	-0.425727	0.480219	0.766925	0	0	0	0	0	0	0.520287	-0.19887	-0.056274	0.317385	-0.644031	-0.603244	0.470439	0.749894	-0.619147	0.232918	0.151562	0.503545	0.850491	0.015725	-0.000215	-0.001211	0.002045	-0.015205	0.029245	0.535372
0.170339	-0.023659	0.368366	-0.757559	0.272905	-0.593019	-0.494096	-0.833395	0.247574	-0.425718	0.480217	0.766931	0	0	0	0	0	0	0.520883	-0.19887	-0.056274	0.317385	-0.644031	-0.603244	0.470439	0.749894	-0.619147	0.232918	0.151562	0.503545	0.850491	-0	-0	-0	0	0	0	0.535411
0.170349	-0.023651	0.368359	-0.757533	0.272927	-0.593043	-0.494112	-0.833398	0.247531	-0.425746	0.480199	0.766927	0	0	0	3.188975	-1.331051	-4.124002	0.520807	-0.198883	-0.05628	0.317379	-0.643997	-0.603258	0.470467	0.749921	-0.61912	0.232901	0.151573	0.503559	0.850481	-0	-1e-06	-1e-06	0	0	0	0.535343
0.170329	-0.023644	0.368365	-0.755922	0.277394	-0.593027	-0.49902	-0.830465	0.247546	-0.422885	0.482709	0.766934	0	1e-06	1e-06	-0	0	0	0.520037	-0.19893	-0.056279	0.317383	-0.643925	-0.60329	0.470526	0.749978	-0.619064	0.232865	0.151598	0.503591	0.850457	-8e-06	-6.9e-05	-8.4e-05	0	0	0	0.535473
0.170308	-0.023644	0.368366	-0.755953	0.277367	-0.592999	-0.498988	-0.830476	0.247574	-0.422867	0.482704	0.766947	0	0	0	-0	0	0	0.520332	-0.19893	-0.056285	0.317376	-0.643909	-0.603297	0.470539	0.749991	-0.619052	0.232857	0.151603	0.503597	0.850453	-3.9e-05	-0.000356	-0.000438	0	0	0	0.535416
0.170297	-0.02365	0.368361	-0.755982	0.277342	-0.592973	-0.498957	-0.830487	0.2476	-0.422851	0.482699	0.766958	-2e-06	-3.3e-05	-2.6e-05	0	0	0	0.520335	-0.198943	-0.05629	0.31737	-0.643874	-0.603312	0.470567	0.750018	-0.619026	0.23284	0.151615	0.503612	0.850442	-1e-06	-1.2e-05	-1.4e-05	0	0	0	0.535551
0.170318	-0.023643	0.368353	-0.75594	0.277377	-0.593011	-0.498989	-0.830485	0.247543	-0.422888	0.482684	0.766948	-0	-0	-0	0	0	0	0.520493	-0.198955	-0.056295	0.317364	-0.64384	-0.603326	0.470594	0.750045	-0.618999	0.232823	0.151626	0.503627	0.850431	-3e-06	-2.6e-05	-3.2e-05	0	0	0	0.535284
0.170307	-0.023657	0.368355	-0.75598	0.277344	-0.592975	-0.498959	-0.830487	0.247598	-0.422853	0.4827	0.766957	-3e-05	-0.000519	-0.000413	0	0	0	0.520046	-0.198967	-0.056295	0.317365	-0.643822	-0.603334	0.470609	0.750059	-0.618985	0.232814	0.151632	0.503634	0.850426	-0	-0	-0	0	0	0	0.535079
0.170296	-0.023657	0.368355	-0.755996	0.277331	-0.592961	-0.498942	-0.830492	0.247612	-0.422844	0.482698	0.766964	-0	-6e-06	-5e-06	0	0	0	0.520475	-0.198966	-0.05629	0.317372	-0.643838	-0.603327	0.470596	0.750047	-0.618998	0.232822	0.151627	0.503628	0.85043	8e-06	7e-05	8.6e-05	0	0	0	0.534971
0.170296	-0.023656	0.368343	-0.755999	0.277327	-0.592959	-0.498927	-0.830506	0.247595	-0.422856	0.482675	0.766971	-0	-4e-06	-3e-06	0	0	0	0.520154	-0.198966	-0.05629	0.317372	-0.643838	-0.603327	0.470596	0.750047	-0.618998	0.232822	0.151627	0.503628	0.85043	0	0	0	0	0	0	0.535167
0.170317	-0.023642	0.36834	-0.755943	0.277373	-0.593009	-0.498975	-0.830499	0.247526	-0.4229	0.482662	0.766955	6e-06	0.000102	8.1e-05	0	0	0	0.519997	-0.198932	-0.056296	0.317363	-0.643877	-0.603311	0.470565	0.750016	-0.619027	0.232841	0.151614	0.503611	0.850443	-9e-06	-8.2e-05	-0.000101	0	0	0	0.534722
0.170307	-0.023642	0.368341	-0.755959	0.27736	-0.592995	-0.498958	-0.830504	0.247539	-0.422892	0.48266	0.766961	0	1e-06	1e-06	0	0	0	0.520157	-0.198909	-0.056302	0.317354	-0.643897	-0.603302	0.470548	0.75	-0.619043	0.232852	0.151607	0.503602	0.85045	-1.3e-05	-0.000115	-0.000141	0	0	0	0.534766
0.170296	-0.023642	0.368341	-0.755975	0.277347	-0.592981	-0.498942	-0.83051	0.247553	-0.422883	0.482657	0.766968	0	0	0	0	0	0	0.520217	-0.198885	-0.056302	0.317352	-0.643934	-0.603286	0.470518	0.749971	-0.619071	0.23287	0.151594	0.503586	0.850461	4.6e-05	0.000416	0.000511	0	0	0	0.533137
0.170285	-0.023634	0.368335	-0.75598	0.277343	-0.592977	-0.498925	-0.830525	0.247538	-0.422894	0.482635	0.766976	1.5e-05	0.000262	0.000209	0	0	0	0.520258	-0.19891	-0.056305	0.317333	-0.643877	-0.603312	0.470563	0.750012	-0.619041	0.232819	0.151632	0.503594	0.85045	-8.2e-05	-0.00075	-0.000922	0	0	0	0.51445
0.170285	-0.023626	0.368328	-0.755969	0.277351	-0.592986	-0.498925	-0.830534	0.247508	-0.422913	0.482615	0.766978	0	0	0	0	0	0	0.513079	-0.199009	-0.056348	0.317286	-0.643714	-0.603382	0.470696	0.750141	-0.618915	0.232738	0.151687	0.503664	0.850399	-0.000215	-0.001954	-0.002402	-0.001798	0.012995	-0.025657	0.484453
0.170274	-0.023633	0.368323	-0.755998	0.277326	-0.59296	-0.498894	-0.830544	0.247534	-0.422897	0.48261	0.766989	-8e-06	-0.000142	-0.000113	0	0	0	0.500004	-0.199049	-0.056373	0.317242	-0.643575	-0.603443	0.470806	0.750247	-0.618821	0.232646	0.151752	0.503706	0.850362	-0.000215	-0.001953	-0.002401	0	0	0	0.459035
0.170273	-0.023617	0.368296	-0.75598	0.277339	-0.592978	-0.498878	-0.830576	0.247458	-0.422948	0.482548	0.767	-7e-06	-0.00012	-9.6e-05	0	0	0	0.452023	-0.199117	-0.056426	0.317131	-0.643515	-0.603471	0.470852	0.750282	-0.618814	0.232549	0.15183	0.503681	0.850363	-0.000271	-0.002454	-0.00302	-0.001798	0.012997	-0.025656	0.38116
0.170303	-0.02363	0.368259	-0.755966	0.277348	-0.592992	-0.498869	-0.830597	0.247408	-0.422984	0.482507	0.767006	-0.00011	-0.001908	-0.00152	-3.277357	1.379112	4.211813	0.335311	-0.199223	-0.05642	0.316996	-0.643282	-0.60358	0.471032	0.750433	-0.618752	0.23223	0.152079	0.503627	0.85035	-0.000184	-0.001656	-0.00204	0	0	0	0.20406
0.170334	-0.023659	0.368248	-0.757599	0.272862	-0.592988	-0.493948	-0.833525	0.247432	-0.425819	0.480016	0.767001	0.000151	-0.011121	0.008615	-0.009416	-0.00044	-0.053611	0.227273	-0.19931	-0.056381	0.316934	-0.643186	-0.603626	0.471103	0.750481	-0.61877	0.232025	0.152244	0.503549	0.850367	-6.9e-05	-0.00062	-0.000764	0	0	0	0.134364
0.170408	-0.023639	0.368248	-0.757545	0.272904	-0.593038	-0.493991	-0.833519	0.247366	-0.425864	0.480003	0.766984	9.7e-05	0.001683	0.001341	0	-0	-0	-0.055493	-0.199369	-0.056228	0.316912	-0.643277	-0.603596	0.471018	0.75036	-0.619011	0.231778	0.152461	0.503289	0.850482	0.000279	0.002502	0.003081	0.001798	-0.013017	0.025646	0.032313
0.170412	-0.02357	0.368291	-0.757506	0.272937	-0.593072	-0.494022	-0.833517	0.247312	-0.425898	0.479987	0.766975	0.000211	0.003673	0.002926	0.00089	-0.012108	0.026137	-0.197093	-0.199366	-0.056144	0.316933	-0.643352	-0.603567	0.470953	0.750281	-0.619133	0.231702	0.152531	0.503172	0.850538	0.000294	0.00264	0.003249	0.001797	-0.01302	0.025644	-0.046927
0.170412	-0.02357	0.368291	-0.757506	0.272937	-0.593072	-0.494022	-0.833517	0.247312	-0.425898	0.479987	0.766975	0.000211	0.003673	0.002926	0.00089	-0.012108	0.026137	-0.197093	-0.199366	-0.056144	0.316933	-0.643352	-0.603567	0.470953	0.750281	-0.619133	0.231702	0.152531	0.503172	0.850538	0.000294	0.00264	0.003249	0.001797	-0.01302	0.025644	-0.046927
0.170416	-0.02339	0.368302	-0.758922	0.272476	-0.591473	-0.493453	-0.833296	0.249185	-0.424036	0.480633	0.767602	-0.000271	0.009046	-0.010266	0.035746	-0.010548	0.019554	-1.007105	-0.199403	-0.056041	0.317046	-0.644732	-0.603594	0.469028	0.749597	-0.619149	0.233866	0.150036	0.503122	0.851012	-0.015712	0.000333	0.001345	-0.002045	0.015205	-0.029245	-0.437927
0.170474	-0.023206	0.368081	-0.758865	0.272496	-0.591536	-0.493185	-0.833635	0.248583	-0.424448	0.480034	0.767749	-0.000177	0.010686	-0.008959	0.035745	-0.010559	0.019549	-1.917129	-0.199508	-0.056374	0.316376	-0.65792	-0.607517	0.445034	0.743992	-0.615518	0.259899	0.116849	0.502859	0.856354	-0.001321	-0.011796	-0.014576	-1.633436	-1.824939	1.537087	-1.39004
0.170467	-0.022892	0.367781	-0.762514	0.255991	-0.594212	-0.474548	-0.845546	0.244599	-0.438874	0.468169	0.766964	-0.000421	0.020219	-0.01883	0.098094	-0.032116	0.004737	-1.919807	-0.199574	-0.056332	0.315671	-0.679991	-0.597632	0.424782	0.726159	-0.628659	0.278237	0.101604	0.49841	0.860888	-0.001624	0.016416	-0.02365	0.084018	-0.113586	0.213772	-1.406378
0.170473	-0.022625	0.367534	-0.763497	0.247969	-0.596346	-0.465151	-0.851695	0.241293	-0.447127	0.461304	0.766357	-0.000206	0.010187	-0.009351	1.506325	-1.655161	1.681501	-1.9203	-0.199736	-0.056045	0.315358	-0.686006	-0.592402	0.422431	0.720093	-0.635496	0.27847	0.10434	0.495967	0.861971	-0.016494	0.00903	-0.009876	0.044949	-0.073156	0.139834	-1.406878
0.170633	-0.022206	0.367117	-0.765578	0.23962	-0.597091	-0.455216	-0.857569	0.239427	-0.453728	0.454803	0.766363	-0.000257	0.009322	-0.010035	0.035742	-0.01062	0.019521	-1.919971	-0.200146	-0.055403	0.314857	-0.691398	-0.585831	0.422802	0.71426	-0.641826	0.278974	0.108792	0.49561	0.861625	-0.016826	0.021332	-0.016635	-0.168267	0.379832	0.223353	-1.406296
0.170854	-0.022061	0.366781	-0.767893	0.230953	-0.597533	-0.445124	-0.863157	0.238323	-0.459773	0.448691	0.766364	-0.000193	-0.003436	-0.002738	0.089162	-0.035562	-0.114354	-1.918025	-0.200639	-0.055033	0.314552	-0.704781	-0.566217	0.427404	0.69869	-0.658027	0.280652	0.12321	0.497134	0.858801	-0.00062	0.009845	-0.009798	-0.018436	0.148617	-0.119998	-1.404026
0.17098	-0.022144	0.366566	-0.777191	0.20271	-0.595759	-0.413399	-0.878231	0.240383	-0.473524	0.432853	0.767099	-0.000228	-0.004093	-0.003267	0.00712	0.009028	-0.036372	-1.636341	-0.200879	-0.054936	0.314504	-0.727425	-0.534718	0.430025	0.671723	-0.682559	0.287811	0.140524	0.498891	0.855116	0.000327	0.002812	0.00349	0.69737	0.496134	1.464092	-0.603652
0.17099	-0.022203	0.366572	-0.78134	0.192416	-0.593742	-0.402092	-0.882756	0.24297	-0.476411	0.428337	0.767846	-3e-05	-0.000546	-0.000436	0	-0	-0	-0.982766	-0.20087	-0.054894	0.314606	-0.736142	-0.521862	0.430983	0.661142	-0.690401	0.29355	0.145275	0.501693	0.85268	0.000456	0.003927	0.004869	-0.095206	0.143966	0.113508	-0.260227
0.170943	-0.022321	0.366754	-0.790369	0.183504	-0.584542	-0.393632	-0.88321	0.254882	-0.468522	0.431312	0.771027	0.000275	-0.009048	0.010254	-1.507085	1.656942	-1.679066	-0.175972	-0.200731	-0.054895	0.314861	-0.740149	-0.513468	0.43419	0.655703	-0.693944	0.297369	0.149535	0.505444	0.849722	0.015957	0.001766	0.001277	-0.019409	0.019569	0.048687	0.114781
0.170966	-0.02243	0.366863	-0.792163	0.182411	-0.582451	-0.392817	-0.882756	0.2577	-0.466174	0.432705	0.77167	0	4e-06	3e-06	-0	0	-0	0.133805	-0.200489	-0.055199	0.315132	-0.739512	-0.513811	0.43487	0.656504	-0.69294	0.297944	0.149172	0.506474	0.849173	0.016264	-0.010835	0.007655	-0.034364	-0.003997	0.011344	0.351961
0.170968	-0.022439	0.366895	-0.792168	0.182409	-0.582446	-0.39285	-0.882722	0.257764	-0.466138	0.432774	0.771653	2.8e-05	0.000494	0.000394	-0	0	-0	0.267958	-0.20034	-0.055345	0.315255	-0.73943	-0.513843	0.43497	0.656657	-0.692629	0.29833	0.148898	0.506867	0.848986	0.000639	-0.009693	0.009983	-0.036405	0.011181	-0.017916	0.460052
0.170857	-0.022326	0.366988	-0.793567	0.181744	-0.580746	-0.392331	-0.882329	0.25989	-0.464193	0.433854	0.772219	0.000235	0.004187	0.003337	0.000788	-0.012119	0.025973	0.479748	-0.200178	-0.05554	0.315384	-0.738991	-0.514084	0.435433	0.657191	-0.691996	0.298622	0.14872	0.507489	0.848646	-0.000154	-0.001353	-0.001674	-0	0	0	0.536366
0.170735	-0.022233	0.36704	-0.794935	0.18111	-0.57907	-0.391818	-0.881949	0.261948	-0.462285	0.434892	0.77278	1.3e-05	0.000228	0.000181	-0	0	-0	0.518883	-0.200238	-0.055657	0.315408	-0.73803	-0.51464	0.436404	0.658209	-0.691144	0.298354	0.148991	0.508087	0.84824	-8.1e-05	-0.000713	-0.000883	-0	0	0	0.536964
0.170723	-0.022268	0.367026	-0.794841	0.181216	-0.579166	-0.391951	-0.881911	0.261875	-0.462333	0.434923	0.772734	-0.000105	-0.001866	-0.001487	-0	0	-0	0.520057	-0.200285	-0.055683	0.315412	-0.737723	-0.514818	0.436714	0.658529	-0.690887	0.298241	0.149098	0.508256	0.84812	-0.015778	-0.000101	0.000793	-0.002045	0.015205	-0.029245	0.536736
0.170725	-0.022419	0.366905	-0.794843	0.181214	-0.579164	-0.391948	-0.881912	0.261877	-0.462332	0.434923	0.772734	-0.000251	-0.004441	-0.003543	0	0	0	0.520154	-0.200289	-0.055702	0.315371	-0.737273	-0.515083	0.437161	0.658984	-0.690563	0.297987	0.149316	0.508429	0.847979	-7.2e-05	-0.000629	-0.000779	-0	0	0	0.535905
0.170647	-0.02265	0.366696	-0.794842	0.181216	-0.579164	-0.391925	-0.881934	0.261835	-0.462352	0.434877	0.772748	-0.014474	-0.00645	-0.004777	-0.001869	0.026944	-0.055634	0.521335	-0.200412	-0.05575	0.315319	-0.736497	-0.515536	0.437935	0.659772	-0.689982	0.297589	0.149666	0.508759	0.847719	-0.000294	-0.002562	-0.003176	-0	0	0	0.502404
0.170458	-0.023011	0.366425	-0.794952	0.181104	-0.579048	-0.391804	-0.881952	0.261959	-0.462266	0.434888	0.772793	-0.000593	-0.010339	-0.008296	-0.000885	0.012229	-0.026081	0.520433	-0.200931	-0.055913	0.315113	-0.734867	-0.516481	0.439555	0.661413	-0.68879	0.296706	0.150432	0.509417	0.847188	-0.01646	-0.00583	-0.006338	-0.003838	0.028316	-0.054844	0.473584
0.17037	-0.023271	0.366231	-0.794841	0.181233	-0.57916	-0.391961	-0.881909	0.261866	-0.462324	0.43492	0.77274	-0.000775	-0.013441	-0.01081	0.005222	-0.072162	0.153916	0.521064	-0.201278	-0.056016	0.314955	-0.734103	-0.516924	0.440311	0.662172	-0.688259	0.296245	0.150825	0.509687	0.846956	-0.016602	-0.006923	-0.007716	-0.003838	0.028318	-0.054843	0.469916
0.170296	-0.023978	0.365609	-0.794734	0.18135	-0.579271	-0.392048	-0.881926	0.261679	-0.462435	0.434837	0.772721	-0.001229	-0.021197	-0.017167	-0.00177	0.024462	-0.052161	0.520548	-0.20221	-0.056203	0.314508	-0.732291	-0.517976	0.442088	0.663931	-0.687119	0.294952	0.1519	0.510159	0.84648	-0.017285	0.0026	-0.017974	0.032562	0.017038	-0.036978	0.465768
0.170336	-0.024895	0.36478	-0.793665	0.18602	-0.579255	-0.397159	-0.879665	0.261582	-0.459908	0.437429	0.772765	-0.001572	-0.027087	-0.022138	0.00345	-0.047733	0.10174	0.520187	-0.203393	-0.056287	0.314036	-0.72998	-0.519314	0.444334	0.666138	-0.685741	0.293176	0.153356	0.510655	0.845918	-0.033101	0.002892	-0.016816	0.030513	0.032173	-0.06626	0.461332
0.170364	-0.025471	0.364253	-0.793784	0.185882	-0.579137	-0.396956	-0.879745	0.261622	-0.45988	0.437327	0.772841	-0.00179	-0.030832	-0.025343	-0.003537	0.048951	-0.104308	0.519752	-0.204118	-0.05628	0.313767	-0.728696	-0.520058	0.445572	0.667342	-0.685037	0.292085	0.154238	0.510844	0.845643	-0.048901	0.003289	-0.015529	0.028465	0.047335	-0.095527	0.460854
0.170306	-0.026522	0.363185	-0.7922	0.19453	-0.578465	-0.406314	-0.875355	0.261981	-0.454419	0.442333	0.773221	-0.001744	-0.029842	-0.024801	-0.003351	0.037061	-0.077282	0.496974	-0.205708	-0.056155	0.313108	-0.714881	-0.534401	0.450945	0.684027	-0.667938	0.293086	0.145467	0.518652	0.842438	-0.033308	0.001893	-0.018232	-0.295906	0.060486	-0.388191	0.454664
0.170122	-0.027377	0.362086	-0.798428	0.194747	-0.569764	-0.406657	-0.872249	0.27163	-0.443088	0.448329	0.776338	-0.001523	-0.025749	-0.02162	-0.134825	0.185531	-0.227212	0.470905	-0.20732	-0.055907	0.31218	-0.678275	-0.574857	0.457684	0.725707	-0.621356	0.295297	0.115473	0.533159	0.838015	-0.034108	0.010459	-0.029801	-0.284302	0.468198	0.066133	0.444205
0.169983	-0.027885	0.360892	-0.801921	0.202291	-0.56218	-0.416213	-0.864207	0.282641	-0.427671	0.460386	0.777926	-0.001572	-0.012711	-0.028741	-0.057486	-0.006443	-0.135681	0.46579	-0.208825	-0.055503	0.310919	-0.648198	-0.602889	0.465139	0.755955	-0.582332	0.298924	0.091452	0.546143	0.832603	-0.034958	0.018597	-0.041961	-0.125612	0.248748	-0.027873	0.428114
0.169964	-0.02798	0.360259	-0.799891	0.211302	-0.561759	-0.425409	-0.859857	0.282217	-0.422409	0.464452	0.778385	-0.001682	-0.00089	-0.036763	0.068813	0.001899	-0.013646	0.458676	-0.209444	-0.055277	0.310176	-0.628437	-0.619788	0.470022	0.77425	-0.555868	0.302458	0.07459	0.554768	0.828572	-0.034652	0.00725	-0.034139	-0.958193	-0.13307	-1.039548	0.421995
0.16992	-0.027931	0.358744	-0.789473	0.237681	-0.565938	-0.45815	-0.841761	0.285497	-0.40755	0.484377	0.774151	-0.001619	0.000229	-0.035935	-0.431711	-0.206341	0.211736	0.451164	-0.210175	-0.054818	0.308483	-0.561619	-0.677342	0.475167	0.827209	-0.468423	0.310225	0.013146	0.568139	0.822745	-0.019755	0.014408	-0.04833	-2.836777	-1.342062	-4.504656	0.419856
0.169846	-0.027479	0.357085	-0.782737	0.25211	-0.569043	-0.475831	-0.831746	0.28593	-0.400244	0.494258	0.771713	-0.00186	0.023448	-0.052225	0.103134	-0.077731	-0.000812	0.465179	-0.210243	-0.054574	0.306507	-0.486301	-0.728274	0.482824	0.872138	-0.371587	0.318168	-0.0517	0.576726	0.815216	0.011048	0.007716	-0.058677	-0.175073	0.294094	0.044695	0.422022
0.169846	-0.027108	0.356168	-0.780166	0.25274	-0.572285	-0.479493	-0.829131	0.287404	-0.400895	0.49831	0.768763	0.012622	0.024878	-0.05138	-0.023628	-0.311691	-0.042102	0.473742	-0.210086	-0.054565	0.305416	-0.45715	-0.743522	0.488037	0.885812	-0.332148	0.323958	-0.078204	0.581335	0.809812	0.010695	0.005276	-0.062072	-0.461073	0.340005	-0.162997	0.422398
0.16991	-0.026216	0.354229	-0.77216	0.265283	-0.577442	-0.496783	-0.818637	0.288119	-0.395327	0.509003	0.76463	0.012579	0.024156	-0.052049	-0.062008	-0.178611	0.080772	0.477809	-0.209388	-0.054733	0.302994	-0.395703	-0.771199	0.498661	0.908004	-0.247554	0.337906	-0.136658	0.587459	0.797546	0.010462	-0.010209	-0.060207	-0.612443	0.497859	0.132158	0.430131
0.170025	-0.025256	0.352195	-0.767531	0.268214	-0.582239	-0.503735	-0.814087	0.288936	-0.395547	0.514724	0.760676	-0.001825	0.024091	-0.051785	0.060429	0.005231	-0.155342	0.475158	-0.20814	-0.054958	0.300339	-0.32299	-0.798568	0.507896	0.92312	-0.147808	0.354874	-0.207921	0.584465	0.78424	0.042185	-0.012928	-0.066058	-3.127488	-1.571503	-3.96692	0.441163
0.170088	-0.024237	0.350187	-0.76303	0.268562	-0.587967	-0.509827	-0.809219	0.291913	-0.396453	0.522162	0.755115	-0.00173	0.025708	-0.0504	0.00441	-0.236046	-0.079618	0.473012	-0.206635	-0.055259	0.297641	-0.249872	-0.816373	0.520663	0.927494	-0.047597	0.370707	-0.277545	0.576558	0.768384	0.042567	-0.011672	-0.065217	-2.833491	-1.146917	-4.368799	0.452439
0.170079	-0.023665	0.349212	-0.759195	0.273186	-0.590794	-0.517592	-0.803739	0.293384	-0.393756	0.528182	0.752334	-0.001549	0.028743	-0.047724	-0.002511	-0.256201	-0.055727	0.474452	-0.2059	-0.055392	0.296324	-0.214848	-0.822463	0.526676	0.924924	0.001624	0.380061	-0.313176	0.569814	0.759668	0.042322	1.6e-05	-0.073034	-3.323363	-1.554682	-3.708447	0.456146
0.169964	-0.022302	0.347416	-0.750208	0.290356	-0.594077	-0.540972	-0.786145	0.298827	-0.379337	0.545196	0.747591	-0.001319	0.046139	-0.050566	-0.899257	0.307964	1.239176	0.484718	-0.204457	-0.055513	0.293834	-0.140665	-0.827482	0.54358	0.914922	0.100992	0.390709	-0.378028	0.55332	0.742156	0.043148	0.004965	-0.066867	-0.523221	0.137939	0.318023	0.449341
0.169887	-0.020534	0.345817	-0.735252	0.311903	-0.601802	-0.57281	-0.760596	0.305539	-0.36152	0.568975	0.738646	-0.000899	0.053006	-0.044387	-1.140884	0.062301	0.911054	0.500608	-0.203092	-0.055402	0.291597	-0.063193	-0.821355	0.566899	0.897472	0.201542	0.392249	-0.436351	0.534583	0.723659	0.044454	-0.000594	-0.051386	-1.124729	-0.546036	-0.763217	0.438143
0.169884	-0.019504	0.345003	-0.727303	0.322519	-0.605853	-0.588453	-0.747351	0.308484	-0.352393	0.580473	0.734097	0.013527	0.054487	-0.043387	-0.186248	-0.355669	-0.155139	0.50247	-0.20241	-0.055288	0.29051	-0.029078	-0.812308	0.582497	0.887252	0.247277	0.389323	-0.460253	0.529149	0.712764	0.044655	0.000554	-0.049987	-3.13716	-1.600491	-3.814858	0.430838
0.169911	-0.017664	0.343525	-0.719113	0.32381	-0.614872	-0.601287	-0.733506	0.316852	-0.347524	0.597161	0.722947	-0.000692	0.04283	-0.035027	-0.102296	-0.429334	-0.12091	0.511157	-0.201281	-0.055103	0.288567	0.019545	-0.790865	0.611672	0.867439	0.3175	0.382984	-0.497119	0.524082	0.691429	0.012682	0.002563	-0.045667	-2.792911	-0.032497	-4.972381	0.411355
0.169924	-0.015994	0.342049	-0.711999	0.322055	-0.624006	-0.612755	-0.718965	0.328013	-0.34212	0.615505	0.710025	-0.000782	0.041323	-0.0363	-0.272387	-0.673488	-0.243876	0.511956	-0.200267	-0.055062	0.286846	0.05935	-0.769935	0.63535	0.846585	0.375949	0.376684	-0.528955	0.516474	0.673295	0.029112	0.004257	-0.044455	0.444574	2.171	-1.219569	0.392355
0.169937	-0.014439	0.340624	-0.705354	0.322207	-0.63143	-0.624227	-0.704433	0.337765	-0.335098	0.631996	0.698796	-0.000842	0.040305	-0.037142	-0.042336	-0.315994	-0.098385	0.511639	-0.199424	-0.055139	0.285428	0.108626	-0.750515	0.651858	0.81842	0.439616	0.369945	-0.56435	0.494235	0.661137	0.013771	-0.004491	-0.032099	-0.393291	-0.019048	-0.289668	0.367734
0.169945	-0.013766	0.340018	-0.702135	0.321053	-0.635591	-0.62979	-0.696509	0.343819	-0.331443	0.641294	0.692036	-0.000791	0.041158	-0.036355	-0.270867	-0.577338	-0.43117	0.511561	-0.19904	-0.055291	0.284866	0.129855	-0.739923	0.660033	0.805797	0.466538	0.364648	-0.577902	0.485414	0.655946	0.030167	-0.003128	-0.031174	0.042679	0.188027	-0.139427	0.353027
0.169901	-0.012585	0.338936	-0.695556	0.325582	-0.640503	-0.642122	-0.68164	0.350739	-0.321539	0.654832	0.683985	-0.000593	0.030837	-0.027257	0.00272	-0.195447	-0.029171	0.512724	-0.198355	-0.055705	0.284096	0.167504	-0.725529	0.667489	0.782368	0.509687	0.357846	-0.600045	0.463176	0.652132	0.015018	-0.010099	-0.01601	-3.70137	-1.880321	-3.772787	0.327012
0.169872	-0.011812	0.338161	-0.691563	0.324584	-0.645315	-0.64805	-0.673411	0.355696	-0.318254	0.663777	0.676861	-0.000511	0.018616	-0.019885	0.035111	-0.064233	-0.016874	0.515526	-0.197691	-0.056063	0.283685	0.197568	-0.715159	0.670452	0.76312	0.541401	0.352799	-0.615535	0.442815	0.65184	0.015504	-0.006261	-0.010365	-3.641443	-2.033521	-3.650099	0.312761
0.169867	-0.0116	0.33794	-0.691312	0.320048	-0.647844	-0.647365	-0.67262	0.358431	-0.320183	0.666779	0.67299	-0.000247	0.00944	-0.009823	-0.127276	-0.261043	-0.116142	0.515673	-0.19738	-0.056264	0.283606	0.209516	-0.709143	0.673208	0.756752	0.553501	0.3477	-0.61945	0.437478	0.651734	0.016248	-0.015734	0.000241	0.123732	-0.215076	-0.160561	0.306319
0.169812	-0.011506	0.337847	-0.69063	0.320274	-0.648459	-0.647809	-0.672605	0.357656	-0.320755	0.666685	0.67281	7.8e-05	0.001301	0.001161	0.000767	-0.014207	0.025063	0.515582	-0.196874	-0.056756	0.283693	0.232809	-0.697072	0.678147	0.743277	0.577124	0.338231	-0.627434	0.426166	0.651592	0.00036	-0.012721	0.00577	-0.023193	0.077292	-0.211172	0.291578
0.169818	-0.011666	0.33806	-0.689526	0.320692	-0.649427	-0.648942	-0.671747	0.357215	-0.320842	0.667348	0.672111	0.000302	-0.008529	0.010636	-0.034874	-0.001988	0.006365	0.515531	-0.196466	-0.05739	0.284114	0.260427	-0.685555	0.679841	0.729473	0.600902	0.326681	-0.632798	0.411693	0.655698	0.001262	-0.020816	0.018451	-0.023368	-0.059939	-0.054958	0.275395
0.169835	-0.011765	0.338259	-0.688078	0.321227	-0.650697	-0.650309	-0.670852	0.356409	-0.321183	0.667989	0.671311	0.00011	0.001825	0.001626	-0	-0	-0	0.516867	-0.196159	-0.058061	0.284673	0.290181	-0.672524	0.680807	0.71501	0.625119	0.312922	-0.636393	0.396808	0.66137	0.001222	-0.021213	0.017848	0.222234	-0.384661	-0.288773	0.259506
0.169836	-0.011776	0.33829	-0.687434	0.321458	-0.651263	-0.650859	-0.670567	0.35594	-0.321446	0.668164	0.671011	2.4e-05	0.000406	0.000362	0.005543	-0.097455	0.173292	0.516925	-0.195979	-0.058388	0.284973	0.303474	-0.667069	0.680378	0.707256	0.636106	0.308369	-0.638872	0.388441	0.663942	0.000715	-0.0097	0.010277	0.149678	-0.260922	-0.191612	0.25495
0.169858	-0.01177	0.338295	-0.686301	0.321861	-0.652259	-0.651781	-0.670158	0.355023	-0.322001	0.66838	0.67053	-1e-05	-0.000175	-0.000155	-0	-0	-0	0.517129	-0.195567	-0.059092	0.285623	0.326014	-0.653615	0.683003	0.695111	0.655315	0.295493	-0.641126	0.379232	0.667085	0.017641	-0.02021	0.018245	0.076993	-0.253728	-0.187818	0.250532
0.169868	-0.011769	0.338282	-0.685528	0.322134	-0.652937	-0.652399	-0.669897	0.35438	-0.322396	0.66851	0.670211	-0	-1e-06	-1e-06	-0	-0	-0	0.515447	-0.195028	-0.059706	0.286307	0.349476	-0.641796	0.68261	0.677942	0.676014	0.288676	-0.647158	0.362674	0.67046	0.017782	-0.019057	0.019937	0.040387	-0.069976	-0.28572	0.247719
0.169868	-0.011762	0.338288	-0.685186	0.322254	-0.653236	-0.652675	-0.669774	0.354105	-0.322562	0.668575	0.670066	1.1e-05	0.000187	0.000166	-0	-0	-0	0.515144	-0.19477	-0.059966	0.286664	0.359854	-0.63587	0.682763	0.668986	0.685861	0.286331	-0.650797	0.354502	0.671308	0.01738	-0.006469	0.013969	-1.09191	-0.595538	-1.138812	0.244085
0.169881	-0.011752	0.338324	-0.68437	0.322544	-0.653948	-0.653352	-0.669444	0.353479	-0.322924	0.668765	0.669702	6.3e-05	0.001057	0.000941	0.005545	-0.097451	0.173294	0.514831	-0.194136	-0.060428	0.287472	0.378754	-0.626103	0.681566	0.655507	0.701275	0.280104	-0.65381	0.34145	0.675135	0.017486	-0.005441	0.015457	-3.759569	-1.611274	-3.755517	0.241726
0.169871	-0.011749	0.338355	-0.683605	0.322813	-0.654615	-0.653986	-0.669133	0.352895	-0.323261	0.668946	0.669358	1.2e-05	0.000205	0.000182	-0	-0	-0	0.514807	-0.193477	-0.060858	0.288288	0.399536	-0.613961	0.680746	0.642276	0.717259	0.270102	-0.654599	0.330065	0.680014	0.017556	-0.004707	0.016499	0.113278	-0.245161	-0.106611	0.238643
0.169874	-0.011765	0.338422	-0.682947	0.323049	-0.655186	-0.654569	-0.668789	0.352467	-0.323473	0.669176	0.669026	9.7e-05	0.001621	0.001442	0.000804	-0.014115	0.025113	0.514896	-0.192822	-0.061302	0.289211	0.416392	-0.606017	0.677755	0.632941	0.72829	0.262514	-0.653208	0.320414	0.685942	0.002056	-0.013692	0.028889	0.084849	-0.246269	-0.136069	0.228168
0.169875	-0.011776	0.338453	-0.682734	0.323126	-0.655369	-0.654766	-0.668659	0.352346	-0.323523	0.669268	0.668909	4.9e-05	0.000824	0.000733	-0	-0	-0	0.514993	-0.19252	-0.061469	0.289664	0.424618	-0.602408	0.675866	0.628507	0.733378	0.258976	-0.652203	0.31556	0.689141	0.001499	-0.002207	0.021268	0.13309	-0.314082	-0.168326	0.224239
0.169879	-0.011787	0.338539	-0.682165	0.323331	-0.655861	-0.655285	-0.668329	0.352007	-0.323674	0.669498	0.668606	0.000104	0.001732	0.00154	0	0	0	0.514996	-0.191937	-0.061742	0.290638	0.437383	-0.597697	0.671898	0.623945	0.739679	0.251996	-0.64815	0.309743	0.695575	0.017808	-0.001856	0.020542	0.13855	-0.268478	-0.111703	0.21403
0.169892	-0.011772	0.338593	-0.681762	0.323475	-0.656209	-0.655635	-0.668131	0.351732	-0.323814	0.669626	0.66841	6.3e-05	0.001054	0.000937	0	0	0	0.515807	-0.191472	-0.061881	0.291503	0.448998	-0.591279	0.669911	0.614604	0.7485	0.248885	-0.649147	0.300707	0.698602	0.017778	-0.001943	0.02034	-3.742226	-1.306123	-4.003141	0.202238
0.169893	-0.011775	0.338617	-0.681537	0.323555	-0.656403	-0.655833	-0.668014	0.351585	-0.323887	0.669704	0.668297	1.6e-05	0.00027	0.00024	0	0	0	0.516882	-0.191247	-0.061918	0.291927	0.451196	-0.590972	0.668704	0.614538	0.74902	0.247475	-0.647686	0.30001	0.700256	0.017738	-0.002237	0.019875	-0.010283	-0.050725	0.017219	0.198223
0.169894	-0.011802	0.338649	-0.681243	0.323661	-0.656656	-0.656103	-0.667837	0.351416	-0.323958	0.669829	0.668137	0	1e-06	1e-06	0	0	0	0.51676	-0.190873	-0.061912	0.292566	0.458191	-0.585376	0.668871	0.604897	0.756654	0.248006	-0.651851	0.291683	0.69991	0.001299	-0.003909	0.018592	-0.034664	-0.002778	0.007225	0.196084
0.169893	-0.011816	0.33865	-0.681053	0.323728	-0.65682	-0.656264	-0.667751	0.35128	-0.324032	0.669883	0.668048	-0	-0	-0	0	0	0	0.516289	-0.190526	-0.061766	0.292991	0.461724	-0.582317	0.669111	0.6	0.760538	0.248022	-0.653887	0.287663	0.699675	0.016794	0.005781	0.007152	-0.008417	0.065253	-0.120208	0.195635
0.169894	-0.011824	0.338656	-0.680737	0.323839	-0.657092	-0.656525	-0.66762	0.351042	-0.324166	0.66996	0.667905	-0	-0	-0	0	0	0	0.516952	-0.190267	-0.061599	0.293213	0.465314	-0.578985	0.669516	0.595159	0.76446	0.247626	-0.655769	0.283955	0.699428	0.016542	0.003232	0.003449	0.002045	-0.015205	0.029245	0.195402
0.169904	-0.011825	0.338656	-0.680501	0.323922	-0.657296	-0.656714	-0.667534	0.350851	-0.324279	0.670005	0.667805	-0	-0	-0	0	0	0	0.516326	-0.190176	-0.061539	0.293294	0.468797	-0.575967	0.669689	0.590482	0.768135	0.247456	-0.657521	0.280139	0.699322	0.000258	0.002773	0.003998	-0.000809	-0.000299	-0.000845	0.194818
0.169915	-0.011825	0.338655	-0.680156	0.324043	-0.657594	-0.65699	-0.66741	0.350571	-0.324444	0.67007	0.667659	-0	-0	-0	0	0	0	0.516347	-0.189962	-0.061458	0.293395	0.47222	-0.573078	0.669762	0.585866	0.771683	0.247388	-0.659204	0.276273	0.699276	8.5e-05	0.000922	0.001329	-0	-0	-0	0.195827
0.169915	-0.011825	0.338655	-0.679828	0.324156	-0.657877	-0.657251	-0.667292	0.350306	-0.324602	0.670133	0.66752	-0	-0	-0	0	0	0	0.516478	-0.189863	-0.061455	0.29341	0.472262	-0.572899	0.669886	0.585748	0.771804	0.247286	-0.659279	0.276303	0.699193	1.8e-05	0.000198	0.000285	0	-0	-0	0.18909
0.169915	-0.011825	0.338655	-0.679719	0.324194	-0.657971	-0.657338	-0.667252	0.350218	-0.324654	0.670153	0.667474	-0	-0	-0	0	0	0	0.515729	-0.189811	-0.061451	0.293448	0.474405	-0.572755	0.668493	0.586224	0.771989	0.245577	-0.657315	0.276086	0.701125	9.6e-05	0.001052	0.001514	0.011584	-0.017094	-0.010026	0.182906
0.169915	-0.011825	0.338655	-0.679391	0.324308	-0.658253	-0.657599	-0.667134	0.349953	-0.324812	0.670216	0.667334	-0	-0	-0	0	0	0	0.516724	-0.189741	-0.061402	0.293586	0.47438	-0.572842	0.668436	0.586205	0.77196	0.245712	-0.657351	0.275983	0.701132	0.000169	0.001852	0.002664	2e-06	-4e-06	-2e-06	0.178911
0.169904	-0.011833	0.338662	-0.679203	0.324373	-0.658415	-0.657758	-0.667049	0.349818	-0.324885	0.67027	0.667245	-0	-0	-0	0	0	0	0.515878	-0.189703	-0.061387	0.293787	0.474372	-0.572846	0.668438	0.586035	0.772029	0.245901	-0.657507	0.275783	0.701064	0.000288	0.003152	0.004529	0.001774	-0.013623	0.025331	0.176193
0.169904	-0.011841	0.338668	-0.680906	0.320419	-0.658593	-0.65397	-0.670841	0.349668	-0.328929	0.66839	0.667149	-0	-0	-0	0	-0	-0	0.516037	-0.189695	-0.061388	0.293912	0.477756	-0.570009	0.668453	0.581323	0.775546	0.24602	-0.659244	0.271749	0.701009	0.000971	-0.007299	0.013616	-0.03465	-0.002826	0.007219	0.174018
0.169915	-0.011857	0.338681	-0.682471	0.316499	-0.658868	-0.650262	-0.674553	0.349442	-0.333	0.666525	0.666995	-0	-0	-0	0.008848	-0.004693	-0.008957	0.515834	-0.189676	-0.061417	0.294196	0.48327	-0.566927	0.667109	0.576873	0.779321	0.24456	-0.659141	0.267344	0.702796	0.000268	0.002948	0.004225	0.003176	-0.015674	0.02413	0.170878
0.169915	-0.01188	0.338688	-0.682075	0.316642	-0.659209	-0.650597	-0.674378	0.349155	-0.333156	0.666633	0.666809	-8e-06	-0.000135	-0.00012	0.005552	-0.097291	0.173384	0.516428	-0.189631	-0.061482	0.294497	0.488792	-0.56365	0.665862	0.57224	0.783192	0.243075	-0.659115	0.262911	0.704492	0.000928	-0.007766	0.012931	-0.024833	-0.006338	-0.028125	0.162796
0.169926	-0.011889	0.338694	-0.683606	0.312722	-0.659495	-0.64687	-0.678085	0.348902	-0.33724	0.664727	0.666659	-0	-0	-0	0	-0	-0	0.516605	-0.189584	-0.06154	0.294826	0.492065	-0.560932	0.665747	0.567303	0.786603	0.24363	-0.660951	0.258487	0.704409	0.000943	-0.007594	0.013169	-0.036422	0.010752	-0.018136	0.1555
0.169937	-0.011882	0.338699	-0.683463	0.312775	-0.659617	-0.646985	-0.678035	0.348785	-0.337308	0.664753	0.666599	6.7e-05	0.001117	0.000993	0	-0	-0	0.516345	-0.189574	-0.061568	0.294985	0.492043	-0.561002	0.665704	0.567154	0.786633	0.243882	-0.661096	0.258244	0.704362	0.000271	0.002997	0.004279	0	-0	-0	0.151313
0.169969	-0.011891	0.338704	-0.684936	0.308863	-0.659934	-0.643266	-0.68171	0.348502	-0.341398	0.662827	0.666435	0	0	0	0	-0	-0	0.516625	-0.189526	-0.061642	0.295328	0.497488	-0.557783	0.664361	0.562499	0.79038	0.242546	-0.661005	0.253722	0.706089	0.000317	0.003511	0.005004	0.002011	-0.013898	0.025168	0.139744
0.170001	-0.011892	0.338703	-0.684664	0.308967	-0.660167	-0.643486	-0.681616	0.348279	-0.341527	0.662875	0.666321	0	0	0	0	0	0	0.51635	-0.189432	-0.061732	0.295625	0.505325	-0.555995	0.65993	0.558268	0.793721	0.241409	-0.658652	0.247109	0.710618	0.000898	-0.008079	0.012458	-0.045878	-0.307096	0.07957	0.122934
0.170033	-0.011892	0.338701	-0.686103	0.305053	-0.660493	-0.639747	-0.685285	0.347967	-0.34563	0.660908	0.66616	0	0	0	0	-0	-0	0.51653	-0.189366	-0.06185	0.295866	0.510959	-0.554695	0.656678	0.553744	0.796636	0.242226	-0.658131	0.240544	0.713349	0.00076	-0.009617	0.010267	-0.02654	-0.00388	-0.026632	0.10167
0.170044	-0.011886	0.338706	-0.686069	0.305067	-0.660522	-0.639774	-0.685273	0.34794	-0.345645	0.660913	0.666146	3e-05	0.000496	0.000441	0	-0	-0	0.516306	-0.18936	-0.061897	0.295961	0.511162	-0.556835	0.654706	0.553814	0.795844	0.244659	-0.657914	0.238208	0.714331	0.000124	0.001384	0.001968	-0.107658	-0.162781	0.154281	0.091333
0.170055	-0.01188	0.338712	-0.687613	0.301096	-0.660738	-0.635909	-0.688965	0.347734	-0.349674	0.658899	0.666039	4e-06	6e-05	5.3e-05	0	-0	-0	0.515894	-0.189386	-0.061974	0.296106	0.51463	-0.556084	0.652624	0.549174	0.798244	0.247284	-0.659105	0.231827	0.715333	0.000114	0.001277	0.001814	-0.357451	-0.555366	0.540188	0.063359
0.170056	-0.011867	0.338724	-0.687365	0.301192	-0.660953	-0.63611	-0.688882	0.347531	-0.349796	0.658942	0.665932	3e-06	5.2e-05	4.6e-05	0	-0	-0	0.516201	-0.189443	-0.062046	0.29617	0.518206	-0.554842	0.650849	0.544329	0.800865	0.24951	-0.660326	0.22566	0.716178	-5.6e-05	-0.000618	-0.000878	-0.000873	-0.001316	0.001251	0.02485
0.170056	-0.011853	0.338735	-0.687225	0.301245	-0.661074	-0.636224	-0.688835	0.347417	-0.349864	0.658967	0.665872	5.8e-05	0.000982	0.000872	0	0	0	0.516623	-0.189455	-0.062059	0.29617	0.518492	-0.556696	0.649036	0.544387	0.800168	0.251611	-0.660054	0.223552	0.717089	-3e-05	-0.000332	-0.000472	-0.10778	-0.162499	0.154493	0.002501
0.170047	-0.011834	0.338753	-0.688752	0.297265	-0.661287	-0.632334	-0.692508	0.347216	-0.35388	0.656927	0.665765	1.7e-05	0.000288	0.000256	0	-0	-0	0.515935	-0.189457	-0.062079	0.296141	0.525335	-0.552463	0.647147	0.535021	0.805788	0.253756	-0.662308	0.213608	0.718041	-0.000102	-0.00113	-0.001606	-0	-0	-0	-0.048931
