0.176015	-0.017269	0.377515	-0.468683	0.73731	-0.486575	-0.831761	-0.553799	-0.038108	-0.296986	0.385933	0.873431	-0.000313	-0.007902	-0.005785	0.005629	-0.069277	0.155224	-0.025015	-0.204291	-0.052237	0.324268	-0.980165	-0.098823	0.17176	0.178836	-0.813688	0.553049	0.086341	0.572918	0.814968	-0.002179	-0.017761	-0.020643	-0.075664	-0.163812	0.092535	-0.044059
0.176179	-0.017668	0.377038	-0.449051	0.749501	-0.486463	-0.846216	-0.53147	-0.037816	-0.286332	0.393736	0.873506	0.013114	-0.017425	-0.013243	-0.007321	0.008523	-0.011206	-0.462329	-0.204508	-0.052824	0.323527	-0.982113	-0.098394	0.160515	0.172301	-0.812467	0.556905	0.076855	0.574721	0.814648	-0.017414	-0.014823	-0.016518	-0.005659	0.041055	-0.080629	-0.493562
0.176284	-0.017893	0.376603	-0.44673	0.750324	-0.487331	-0.847095	-0.529943	-0.039521	-0.287363	0.394224	0.872947	-0.00133	0.000114	-0.033726	0.075854	-0.078184	0.168282	-0.877578	-0.204808	-0.053107	0.323115	-0.981957	-0.098783	0.161229	0.173021	-0.812455	0.556699	0.077237	0.574672	0.814647	-0.017777	-0.017461	-0.019688	-0.005658	0.041064	-0.080625	-0.958979
0.176114	-0.018012	0.375452	-0.453874	0.751104	-0.479465	-0.847712	-0.529719	-0.027473	-0.274059	0.393042	0.877745	-0.015062	0.002846	-0.03136	0.052284	0.031064	-0.050945	-1.583128	-0.205338	-0.053491	0.321962	-0.979573	-0.103507	0.172378	0.182519	-0.816602	0.547523	0.085327	0.567929	0.818559	-0.003099	0.004263	-0.037797	0.289774	-0.199312	0.03616	-1.400827
0.175623	-0.017551	0.374182	-0.468952	0.75114	-0.464669	-0.846785	-0.531881	-0.005312	-0.250563	0.390047	0.886063	-0.015071	0.019695	-0.035797	-0.077454	0.135645	-0.091322	-1.907144	-0.205613	-0.053343	0.321023	-0.979697	-0.106504	0.169832	0.183003	-0.820156	0.542022	0.082797	0.562228	0.822744	-0.001556	0.002136	-0.01894	0.188083	-0.106071	-0.073426	-1.404023
0.175386	-0.017193	0.373578	-0.473809	0.750435	-0.460866	-0.845327	-0.534222	-0.000929	-0.24632	0.388206	0.88806	-0.014904	0.023651	-0.032835	0.100183	0.067564	-0.150811	-1.912344	-0.205772	-0.053227	0.320636	-0.979664	-0.106626	0.169947	0.183098	-0.82062	0.541287	0.082981	0.561527	0.823204	-0.016952	0.004055	-0.015863	0.034786	0.015178	-0.038085	-1.404263
0.175015	-0.016548	0.372683	-0.488313	0.743116	-0.457575	-0.836068	-0.548599	0.001175	-0.249551	0.382211	0.889756	-0.000696	0.016058	-0.021941	0.065475	0.063367	-0.140933	-1.892567	-0.205995	-0.053015	0.320303	-0.979463	-0.108738	0.169768	0.184477	-0.82224	0.538352	0.082285	0.558749	0.825162	-0.000274	0.012094	-0.007084	0.038681	-0.02492	0.043156	-1.40176
0.174774	-0.016365	0.372292	-0.527564	0.715877	-0.457429	-0.805156	-0.593038	0.000384	-0.270349	0.367611	0.889832	-3.5e-05	-0.000811	-0.000609	0.020492	-1.7e-05	-0.039862	-0.928031	-0.206234	-0.052761	0.320588	-0.978937	-0.120475	0.1648	0.191668	-0.819338	0.540262	0.071173	0.560619	0.824927	0.001592	-0.001919	0.019198	-0.047804	0.086378	-0.168823	-1.071391
0.174525	-0.016404	0.372577	-0.541536	0.70635	-0.455909	-0.794676	-0.607	0.003373	-0.273688	0.363245	0.890604	-0.013274	-0.003283	0.014939	-0.035853	0.012855	-0.023118	-0.167448	-0.2062	-0.05246	0.321316	-0.978367	-0.142629	0.149818	0.202009	-0.813133	0.54584	0.045203	0.564474	0.824129	0.002222	0.00297	0.024929	-0.107149	-0.205986	0.173882	-0.548218
0.174443	-0.016484	0.372902	-0.541384	0.706438	-0.455954	-0.794985	-0.606592	0.003991	-0.273092	0.363755	0.890578	0.000829	-0.012908	0.024295	-0.070618	0.008451	-0.013238	0.019909	-0.206115	-0.052311	0.321714	-0.979003	-0.142061	0.146161	0.199526	-0.81283	0.547203	0.042303	0.565052	0.823887	0.002125	0.002262	0.024046	-0.034601	-0.001558	0.007927	-0.338127
0.174375	-0.016638	0.373578	-0.544795	0.703616	-0.456254	-0.792282	-0.610111	0.005031	-0.274155	0.363344	0.890419	0.000618	-0.001895	0.015546	-0.034702	-0.001835	0.006125	0.269677	-0.205901	-0.052081	0.322506	-0.979125	-0.141731	0.145661	0.199005	-0.812441	0.547969	0.041912	0.565694	0.823466	0.002082	0.002016	0.023675	-0.032783	-0.014529	0.033543	-0.054628
0.174256	-0.01683	0.374305	-0.568739	0.684225	-0.456527	-0.771074	-0.636693	0.006232	-0.285703	0.354706	0.890272	0.000614	-0.00201	0.015448	0.039411	-0.085962	0.054059	0.415626	-0.205719	-0.051972	0.323233	-0.978896	-0.142233	0.146708	0.200055	-0.811688	0.548703	0.042273	0.56665	0.822791	0.001163	0.009134	0.01067	0.001804	-0.012983	0.025663	0.080736
0.174164	-0.016945	0.374629	-0.587474	0.667229	-0.457957	-0.752114	-0.658996	0.004571	-0.298018	0.346287	0.889549	0.000543	-0.003592	0.014267	2.49789	-0.027079	-4.913239	0.457954	-0.205655	-0.05198	0.323572	-0.978703	-0.142665	0.147576	0.200929	-0.811201	0.549103	0.042611	0.567238	0.822368	0.001504	-0.002443	0.01838	-0.034585	-0.001523	0.007892	0.120966
0.173935	-0.017111	0.375186	-0.605876	0.649634	-0.459277	-0.732563	-0.680669	0.003492	-0.309599	0.337753	0.888874	-0.01331	-0.004518	0.013985	-0.03585	0.012939	-0.023078	0.517162	-0.205496	-0.052048	0.324092	-0.978018	-0.143273	0.151475	0.20365	-0.810696	0.548847	0.045399	0.567808	0.821825	0.000704	0.005569	0.006476	0.001807	-0.012942	0.025683	0.190552
0.173768	-0.017184	0.375442	-0.609993	0.642779	-0.463453	-0.72431	-0.689448	-0.003003	-0.320705	0.333048	0.88671	0.0003	-0.008909	0.010321	0.146479	-0.129935	0.074896	0.520626	-0.205323	-0.052125	0.324504	-0.977637	-0.143159	0.15402	0.204997	-0.810535	0.548583	0.047537	0.568067	0.821525	0.001034	-0.006119	0.01407	-0.034586	-0.001531	0.007888	0.280014
0.173684	-0.017189	0.375416	-0.607577	0.643041	-0.466255	-0.724057	-0.689676	-0.007771	-0.325813	0.33207	0.885213	-4.9e-05	-0.001047	-0.000775	4e-06	-3e-06	2e-06	0.521124	-0.205149	-0.052189	0.324786	-0.977601	-0.143217	0.154194	0.205173	-0.810163	0.549067	0.04752	0.568583	0.821169	0.000778	-0.008162	0.011696	-0.036396	0.011367	-0.017818	0.333549
0.173651	-0.017209	0.375377	-0.606331	0.643192	-0.467667	-0.723933	-0.689775	-0.010195	-0.328395	0.331574	0.884445	-0.013902	-0.001904	-0.001003	-0.000983	0.014714	-0.029553	0.52077	-0.205037	-0.052177	0.324858	-0.977609	-0.143198	0.154166	0.205146	-0.810109	0.549157	0.047486	0.568665	0.821114	0.000249	0.001997	0.002313	0	-0	-0	0.353466
0.173626	-0.017278	0.375301	-0.605063	0.643354	-0.469085	-0.723814	-0.689859	-0.012629	-0.330981	0.331084	0.883664	-9.4e-05	-0.002007	-0.001488	0	-0	0	0.520958	-0.204749	-0.052104	0.324927	-0.977517	-0.143414	0.154544	0.205539	-0.810035	0.549118	0.047668	0.568715	0.821069	0.01571	0.001391	0.000784	-0.010439	0.073836	-0.148141	0.386603
0.173643	-0.017327	0.375238	-0.608832	0.639776	-0.469101	-0.719718	-0.69413	-0.012692	-0.332986	0.329093	0.883654	-0.000298	0.008934	-0.010304	0.035753	-0.010237	0.019705	0.521558	-0.204344	-0.052026	0.32498	-0.977449	-0.14358	0.154822	0.205834	-0.809995	0.549068	0.047802	0.568731	0.82105	0.015761	0.001861	0.001319	-0.010437	0.073841	-0.148139	0.411326
0.173642	-0.01734	0.375203	-0.608637	0.639896	-0.469189	-0.719833	-0.694008	-0.012849	-0.333092	0.329117	0.883605	-0.000316	0.008534	-0.010601	0.035753	-0.010238	0.019705	0.521572	-0.204083	-0.051986	0.325011	-0.977473	-0.14353	0.154714	0.205731	-0.810014	0.549078	0.047744	0.568717	0.821064	0.015786	0.002101	0.00159	0.002045	-0.015205	0.029245	0.416772
0.173618	-0.017351	0.375132	-0.611919	0.636592	-0.469415	-0.716009	-0.697945	-0.01325	-0.335306	0.327201	0.88348	-5.5e-05	-0.001181	-0.000877	0	0	-0	0.521083	-0.20351	-0.051868	0.325117	-0.977604	-0.143245	0.154155	0.205177	-0.810117	0.549133	0.047456	0.568641	0.821132	0.016002	0.004002	0.003771	0.003852	-0.028108	0.054948	0.416782
0.173554	-0.017362	0.375087	-0.611611	0.636788	-0.469551	-0.716196	-0.697749	-0.013497	-0.335469	0.327239	0.883404	-6.3e-05	-0.001349	-0.001002	0	0	0	0.521377	-0.202917	-0.05168	0.325302	-0.977821	-0.142756	0.153225	0.204244	-0.810291	0.549224	0.046984	0.568516	0.821246	0.016228	0.006075	0.006138	0.003852	-0.028108	0.054948	0.411942
0.173492	-0.017354	0.375095	-0.611239	0.637025	-0.469714	-0.716454	-0.69748	-0.013712	-0.335597	0.327351	0.883314	1.1e-05	0.000236	0.000175	0	0	0	0.5213	-0.202353	-0.051399	0.325562	-0.978026	-0.142297	0.152345	0.203362	-0.810484	0.549267	0.046547	0.568354	0.821383	0.016378	0.007598	0.007856	0.003851	-0.028109	0.054948	0.401391
0.173461	-0.017354	0.375096	-0.61118	0.637063	-0.469739	-0.716495	-0.697437	-0.013746	-0.335617	0.327367	0.883301	0	3e-06	3e-06	0	0	0	0.521313	-0.20209	-0.05123	0.325727	-0.978139	-0.14204	0.151855	0.202869	-0.81059	0.549292	0.046304	0.568267	0.821457	0.016523	0.008991	0.009432	0.005658	-0.041015	0.08065	0.394143
0.173409	-0.017346	0.375092	-0.610793	0.637309	-0.46991	-0.716754	-0.697166	-0.013993	-0.33577	0.327466	0.883206	0	0	0	0	0	0	0.521174	-0.201629	-0.050846	0.326142	-0.978373	-0.141503	0.150846	0.201852	-0.810778	0.54939	0.045796	0.568132	0.821579	0.001232	0.010853	0.01239	0.001806	-0.012905	0.025702	0.378974
0.173377	-0.017329	0.375067	-0.610593	0.637434	-0.47	-0.716865	-0.697049	-0.014177	-0.335896	0.327473	0.883155	-1e-06	-2.4e-05	-1.8e-05	0	0	0	0.521164	-0.201256	-0.050391	0.326609	-0.978492	-0.141233	0.150326	0.20133	-0.810904	0.549396	0.045541	0.56802	0.821671	0.016685	0.011052	0.011666	0.00385	-0.028111	0.054947	0.373931
0.173356	-0.017321	0.37506	-0.610619	0.637418	-0.469987	-0.716838	-0.697076	-0.014185	-0.335906	0.327446	0.883162	-0	-0	-0	0	0	0	0.521449	-0.201093	-0.050138	0.326841	-0.978525	-0.141163	0.15018	0.201186	-0.810975	0.549344	0.045479	0.567936	0.821733	0.001199	0.010766	0.0122	-0.010655	0.076175	-0.151667	0.373541
0.173325	-0.017299	0.375053	-0.610398	0.637557	-0.470086	-0.716972	-0.696934	-0.014359	-0.33602	0.327476	0.883106	1e-06	1.3e-05	9e-06	0	0	0	0.521129	-0.200785	-0.049667	0.327232	-0.978764	-0.139209	0.150448	0.199825	-0.810018	0.551248	0.046362	0.569777	0.820407	0.001155	0.010477	0.01182	-0.327984	0.205603	0.191397	0.373194
0.173314	-0.017291	0.375046	-0.610286	0.637627	-0.470136	-0.71704	-0.696862	-0.014446	-0.336078	0.327493	0.883078	0	0	0	0	0	0	0.521075	-0.200502	-0.049236	0.327484	-0.979007	-0.137241	0.150669	0.198423	-0.809151	0.553025	0.047252	0.571481	0.81917	0.00085	0.007791	0.008758	-0.280267	0.183637	0.144718	0.361837
0.173314	-0.017291	0.375046	-0.610168	0.637701	-0.470189	-0.717121	-0.696777	-0.014514	-0.33612	0.327529	0.883049	0	0	0	0	0	0	0.521384	-0.200378	-0.049035	0.327531	-0.979203	-0.135371	0.151085	0.197222	-0.808197	0.554846	0.048231	0.573272	0.81786	2.9e-05	0.015689	-0.003159	-0.11435	0.093857	0.081558	0.353657
0.173294	-0.017291	0.375047	-0.610207	0.637677	-0.47017	-0.717095	-0.696805	-0.014492	-0.336105	0.327516	0.88306	0	0	0	0	0	0	0.52136	-0.200144	-0.048693	0.32748	-0.979589	-0.131632	0.151889	0.194814	-0.806346	0.558378	0.05021	0.576734	0.815303	0.015612	0.002166	0.001519	-0.023975	0.002868	0.040217	0.332794
0.173263	-0.017283	0.375054	-0.610249	0.637653	-0.470149	-0.717066	-0.696835	-0.014468	-0.336089	0.327501	0.883071	2e-06	3.4e-05	2.5e-05	0	0	0	0.521395	-0.199986	-0.048335	0.327201	-0.980023	-0.127763	0.152389	0.192122	-0.804762	0.561589	0.052122	0.579805	0.813002	0.014802	0.010209	-0.010222	0.016971	-0.011431	0.056257	0.315831
0.173211	-0.017282	0.375056	-0.610229	0.637668	-0.470155	-0.717081	-0.696819	-0.014481	-0.336094	0.327505	0.883068	-0.01381	0.000226	0.000573	-0.000984	0.014715	-0.029553	0.521461	-0.199977	-0.04789	0.32678	-0.980378	-0.124067	0.153158	0.189723	-0.803346	0.564423	0.054249	0.582559	0.810892	-0.001092	0.020874	-0.018109	0.069688	-0.020105	0.0372	0.293449
0.17319	-0.017289	0.375051	-0.610286	0.637633	-0.470128	-0.717043	-0.696859	-0.014449	-0.336074	0.327487	0.883082	-4e-06	-8.9e-05	-6.6e-05	0	0	0	0.521045	-0.199992	-0.047621	0.326537	-0.980993	-0.122158	0.150736	0.186878	-0.802442	0.566654	0.052973	0.584203	0.809792	-0.001083	0.02096	-0.018012	0.01774	-0.055511	0.093971	0.281299
0.173138	-0.017288	0.375054	-0.610384	0.637574	-0.470081	-0.716977	-0.696929	-0.014394	-0.336037	0.327454	0.883108	-0.01381	0.000228	0.000574	-0.000984	0.014715	-0.029553	0.521746	-0.200009	-0.047011	0.326038	-0.981978	-0.121804	0.144482	0.182921	-0.803159	0.56693	0.048226	0.583292	0.810746	-0.000494	0.010922	-0.00851	0.036397	-0.011192	0.017915	0.272089
0.173118	-0.017288	0.375055	-0.610423	0.63755	-0.470062	-0.71695	-0.696956	-0.014371	-0.336023	0.327441	0.883119	-0	-0	-0	0	0	0	0.521604	-0.199978	-0.046426	0.325569	-0.984182	-0.121034	0.129334	0.173549	-0.803067	0.569998	0.036117	0.583577	0.81117	-0.000527	0.01062	-0.008848	-0.733582	-2.123508	1.625372	0.260338
0.173118	-0.017281	0.37506	-0.610406	0.637561	-0.47007	-0.716962	-0.696944	-0.014381	-0.336029	0.327447	0.883114	6e-06	0.000123	9.2e-05	0	0	0	0.520756	-0.199967	-0.046125	0.325345	-0.984693	-0.120643	0.125762	0.171143	-0.803464	0.570166	0.033502	0.583111	0.811617	-0.000456	0.011283	-0.008104	0.036397	-0.011259	0.017892	0.242586
0.173107	-0.01728	0.375048	-0.614075	0.633996	-0.470113	-0.712879	-0.701118	-0.014459	-0.338013	0.325462	0.883091	-6e-06	-0.000123	-9.2e-05	0	0	-0	0.521005	-0.199938	-0.045622	0.325018	-0.985224	-0.120184	0.121987	0.168548	-0.80421	0.569887	0.030856	0.582176	0.812393	-0.000325	0.012522	-0.006716	0.0364	-0.011274	0.017868	0.219238
0.173087	-0.017287	0.375056	-0.614128	0.633964	-0.470087	-0.712853	-0.701146	-0.014406	-0.337975	0.325463	0.883105	-0	-0	-0	0	0	0	0.521005	-0.199908	-0.045144	0.324852	-0.98518	-0.12035	0.122179	0.16876	-0.80486	0.568907	0.031113	0.581243	0.813051	0.000497	0.004671	0.005225	0.001786	-0.013234	0.025536	0.209964
0.173087	-0.017272	0.375054	-0.614097	0.633983	-0.470101	-0.712864	-0.701133	-0.014446	-0.338005	0.325454	0.883097	0	1e-06	1e-06	0	0	0	0.521093	-0.199869	-0.044585	0.32479	-0.98504	-0.120776	0.122886	0.169483	-0.80541	0.567913	0.031627	0.580393	0.813638	0.000136	0.01688	-0.001859	0.038181	-0.024582	0.043366	0.202642
0.173087	-0.017272	0.375054	-0.614097	0.633983	-0.470101	-0.712864	-0.701133	-0.014446	-0.338005	0.325454	0.883097	0	0	0	0	0	0	0.521364	-0.199853	-0.044282	0.324787	-0.985099	-0.119251	0.123898	0.168886	-0.804472	0.569417	0.033012	0.582004	0.812431	0.00018	0.017302	-0.001399	-0.003247	0.086912	-0.1203	0.198455
0.173076	-0.017272	0.375042	-0.617864	0.630321	-0.470091	-0.708675	-0.705367	-0.014456	-0.339936	0.323421	0.883102	-0	-1e-06	-1e-06	0	0	-0	0.521025	-0.199677	-0.04361	0.324826	-0.985713	-0.117148	0.120989	0.165541	-0.803781	0.571372	0.031558	0.583381	0.811501	0.000392	0.019389	0.000895	-0.087641	0.061018	0.096997	0.190906
0.173045	-0.017272	0.375056	-0.617919	0.630287	-0.470064	-0.708647	-0.705397	-0.014402	-0.339897	0.323421	0.883117	2e-06	4e-05	2.9e-05	0	0	0	0.521221	-0.199377	-0.042785	0.324967	-0.986681	-0.114921	0.115091	0.160363	-0.802894	0.574091	0.027676	0.585042	0.810447	0.015933	0.022417	0.003277	-0.243595	0.152769	0.193619	0.187632
0.173004	-0.017271	0.375058	-0.617879	0.630315	-0.470079	-0.708675	-0.705368	-0.014426	-0.339909	0.323431	0.883109	-0.01381	0.000233	0.000576	-0.000984	0.014715	-0.029553	0.52146	-0.199234	-0.042323	0.325083	-0.986771	-0.114687	0.114549	0.159838	-0.803359	0.573586	0.027486	0.584448	0.810881	0.016096	0.024236	0.005244	0.037846	-0.050466	0.099784	0.181319
0.172921	-0.01727	0.375061	-0.618035	0.630218	-0.470004	-0.708568	-0.705478	-0.014337	-0.33985	0.32338	0.88315	0	0	0	0	0	0	0.521134	-0.1989	-0.041434	0.325365	-0.986776	-0.114715	0.114481	0.159791	-0.804039	0.572646	0.027602	0.583507	0.811555	0.016	0.023822	0.0047	0.040216	-0.039953	0.072525	0.176818
0.172838	-0.017268	0.375052	-0.618078	0.630194	-0.46998	-0.708531	-0.705515	-0.014337	-0.339851	0.323345	0.883163	-0	-2e-06	-2e-06	0	0	0	0.520503	-0.198531	-0.040748	0.32571	-0.986921	-0.111554	0.116335	0.158424	-0.801869	0.576057	0.03027	0.58709	0.808871	0.016221	0.010498	0.010514	-0.389143	0.237687	0.222897	0.187226
0.172817	-0.017267	0.375053	-0.618117	0.63017	-0.469961	-0.708504	-0.705543	-0.014315	-0.339836	0.323332	0.883173	-0	-0	-0	0	0	0	0.521474	-0.198194	-0.040386	0.326008	-0.987091	-0.108261	0.11799	0.156877	-0.799401	0.579898	0.032787	0.591054	0.80588	0.015798	0.006529	0.006158	-0.139303	0.152654	-0.064858	0.19214
0.172817	-0.01726	0.375046	-0.617986	0.630254	-0.470021	-0.708586	-0.705458	-0.014413	-0.339902	0.323354	0.88314	-0	-0	-0	0	0	0	0.520709	-0.198061	-0.040304	0.326089	-0.987238	-0.106426	0.118434	0.155735	-0.798176	0.58189	0.033849	0.593038	0.804377	0.000402	0.004069	0.004417	-0.077473	0.040295	0.059376	0.184935
0.172827	-0.017245	0.375032	-0.61794	0.630282	-0.470043	-0.708599	-0.705443	-0.014486	-0.339957	0.323333	0.883127	-0	-0	-0	0	0	0	0.521092	-0.197822	-0.040302	0.326077	-0.987593	-0.101101	0.120124	0.152706	-0.794401	0.587828	0.037243	0.599001	0.799796	0.014958	-0.001905	-0.003011	-0.057652	0.025214	0.054787	0.175669
0.172827	-0.017238	0.375037	-0.617923	0.630292	-0.470051	-0.708611	-0.705431	-0.014495	-0.339963	0.323338	0.883123	1e-06	1.5e-05	1.1e-05	0	0	0	0.521224	-0.197615	-0.04033	0.325956	-0.987846	-0.097465	0.121046	0.150523	-0.791955	0.591679	0.039442	0.602826	0.796811	-0.000121	-0.001242	-0.001349	-0.021465	0.014518	0.009178	0.172233
0.172817	-0.017238	0.375037	-0.617943	0.63028	-0.470042	-0.708598	-0.705445	-0.014484	-0.339955	0.323331	0.883128	0	0	0	0	0	0	0.521231	-0.197518	-0.040321	0.325883	-0.987875	-0.097388	0.120871	0.150351	-0.792058	0.591585	0.03937	0.602703	0.796908	0.015028	-0.001229	-0.002284	0.001731	-0.014993	0.029379	0.17112
0.172764	-0.017236	0.375027	-0.617927	0.630293	-0.470046	-0.708601	-0.705441	-0.014518	-0.339978	0.323316	0.883125	-0	-1e-06	-1e-06	0	0	0	0.520834	-0.197438	-0.04025	0.325724	-0.987824	-0.097544	0.121161	0.150635	-0.792254	0.59125	0.039565	0.60242	0.797112	-0.000118	-0.001215	-0.001321	-0	0	0	0.167331
0.172702	-0.017235	0.37503	-0.618044	0.63022	-0.46999	-0.70852	-0.705523	-0.014451	-0.339934	0.323277	0.883156	-0	-0	-0	0	0	0	0.521129	-0.197452	-0.040085	0.325507	-0.987682	-0.097963	0.121981	0.151439	-0.79255	0.590648	0.040061	0.601964	0.797432	-0.015728	0.010334	-0.008201	0.034353	0.003897	-0.011395	0.160945
0.17264	-0.017227	0.375038	-0.618143	0.630159	-0.469941	-0.708451	-0.705593	-0.014395	-0.339895	0.323244	0.883183	-0.013808	0.000247	0.000584	-0.000984	0.014715	-0.029553	0.521134	-0.197503	-0.039815	0.325252	-0.98763	-0.096656	0.123438	0.151331	-0.791712	0.591799	0.041773	0.603275	0.796353	-0.000563	0.01053	-0.008936	-0.204628	0.152167	0.121594	0.148158
0.17262	-0.017226	0.375039	-0.618182	0.630134	-0.469922	-0.708424	-0.705621	-0.014372	-0.339881	0.323231	0.883193	0	0	0	0	0	0	0.520874	-0.197522	-0.039669	0.325121	-0.9876	-0.096757	0.1236	0.15149	-0.791989	0.591388	0.041915	0.602895	0.796633	-3e-06	-3.5e-05	-3.8e-05	-0.003523	0.00239	0.001518	0.143845
0.172557	-0.017232	0.375036	-0.618199	0.630126	-0.469911	-0.708414	-0.705632	-0.014364	-0.339872	0.323223	0.883199	-0	-7e-06	-5e-06	0	0	0	0.520776	-0.197495	-0.03936	0.324827	-0.987674	-0.095097	0.124293	0.150637	-0.791332	0.592483	0.043261	0.604018	0.79571	-0.000596	0.010192	-0.009302	-0.309363	0.308011	-0.013448	0.144733
0.172537	-0.017225	0.375043	-0.618221	0.630113	-0.469899	-0.708399	-0.705647	-0.014352	-0.339864	0.323216	0.883205	3e-06	6.4e-05	4.8e-05	0	0	0	0.520712	-0.197479	-0.039009	0.324534	-0.987782	-0.093341	0.124768	0.149575	-0.79075	0.593529	0.044507	0.605052	0.794855	-0	-0	-0	-0.01299	0.008799	0.005615	0.150713
0.172537	-0.017233	0.37505	-0.618234	0.630105	-0.469893	-0.708399	-0.705647	-0.014321	-0.33984	0.32323	0.883209	0	1e-06	1e-06	0	0	0	0.521016	-0.197488	-0.038833	0.32439	-0.987991	-0.089753	0.12574	0.147496	-0.788521	0.597004	0.046813	0.608488	0.792094	-0.00055	0.010669	-0.008782	-0.258446	0.188091	0.145285	0.151696
0.172516	-0.017232	0.37505	-0.618273	0.630081	-0.469874	-0.708372	-0.705675	-0.014299	-0.339825	0.323217	0.88322	0	0	0	0	0	0	0.521079	-0.197503	-0.038385	0.324112	-0.988349	-0.084206	0.126755	0.143994	-0.785459	0.601875	0.050127	0.613216	0.788237	-0.00039	0.012316	-0.006988	-0.324564	0.232098	0.173889	0.161695
0.172465	-0.017224	0.375058	-0.618353	0.630032	-0.469835	-0.708316	-0.705731	-0.014254	-0.339794	0.32319	0.883241	1e-05	0.000201	0.000149	0	0	0	0.519935	-0.197531	-0.037735	0.323796	-0.988753	-0.078484	0.127281	0.140073	-0.782674	0.606412	0.053274	0.617513	0.784667	-0.0002	0.014273	-0.004862	-0.086925	0.07139	0.071098	0.164868
0.172434	-0.017224	0.375072	-0.618408	0.629999	-0.469807	-0.708288	-0.705761	-0.014199	-0.339754	0.32319	0.883257	3.2e-05	0.00063	0.000468	0	0	0	0.520209	-0.197537	-0.037321	0.32365	-0.989356	-0.074655	0.12487	0.135801	-0.780391	0.610313	0.053134	0.620863	0.782029	-0.000599	0.026502	-0.011949	-0.35589	0.350423	0.040928	0.167598
0.172352	-0.017209	0.375086	-0.618529	0.629924	-0.469747	-0.708204	-0.705846	-0.014131	-0.339707	0.323149	0.88329	7e-06	0.000129	9.6e-05	0	0	0	0.520079	-0.197546	-0.036389	0.323377	-0.990169	-0.068642	0.121841	0.129497	-0.777569	0.615265	0.053757	0.625076	0.778623	0.000118	0.017579	-0.001295	-0.380349	0.251788	0.224951	0.178235
0.172248	-0.017206	0.375078	-0.618611	0.629876	-0.469705	-0.70814	-0.705911	-0.014109	-0.339693	0.323101	0.883313	-1.7e-05	-0.000327	-0.000243	0	0	0	0.521156	-0.197555	-0.035493	0.323113	-0.990889	-0.062788	0.119109	0.12352	-0.774602	0.620216	0.054571	0.629351	0.775114	-0.000578	0.026733	-0.011718	-0.248608	0.189917	0.174315	0.190528
0.172175	-0.017212	0.375076	-0.618764	0.629781	-0.469631	-0.708034	-0.70602	-0.014021	-0.339636	0.323051	0.883353	-0	-6e-06	-4e-06	0	0	0	0.520598	-0.197577	-0.034785	0.322858	-0.991199	-0.057071	0.119406	0.119566	-0.771627	0.624683	0.057737	0.633528	0.771473	-0.000242	0.013855	-0.005335	-0.181898	0.132479	0.112012	0.225459
0.172154	-0.017204	0.37507	-0.61879	0.629764	-0.469619	-0.708007	-0.706046	-0.01403	-0.339645	0.323024	0.883359	-0	-0	-0	0	0	0	0.520613	-0.197573	-0.034538	0.322714	-0.991295	-0.053511	0.120261	0.117593	-0.769258	0.627971	0.060159	0.636708	0.768666	-0.000374	0.012486	-0.00681	-0.275631	0.181459	0.17856	0.248833
0.172154	-0.017204	0.37507	-0.61879	0.629764	-0.469619	-0.708007	-0.706046	-0.01403	-0.339645	0.323024	0.883359	-0	-0	-0	0	0	0	0.520472	-0.197579	-0.034221	0.322447	-0.991389	-0.049935	0.12102	0.115548	-0.767092	0.630993	0.062576	0.6396	0.766067	-0.000544	0.010719	-0.008712	0.010228	0.005582	0.02899	0.286422
0.172154	-0.017196	0.375063	-0.618777	0.629772	-0.469626	-0.708007	-0.706046	-0.01406	-0.339669	0.32301	0.883355	-0	-0	-0	0	0	0	0.520359	-0.197592	-0.033954	0.322233	-0.991828	-0.046279	0.118857	0.111633	-0.764488	0.634846	0.062737	0.642979	0.763221	5e-06	5.4e-05	5.8e-05	-0.013262	0.008722	0.005742	0.32342
0.172144	-0.017196	0.375063	-0.618796	0.62976	-0.469616	-0.707993	-0.70606	-0.014049	-0.339661	0.323004	0.883361	-0	-0	-0	0	0	0	0.520333	-0.197598	-0.033811	0.322129	-0.992189	-0.044492	0.116506	0.108909	-0.763018	0.637084	0.061804	0.644846	0.76172	-0.000535	0.01081	-0.008613	-0.02052	0.048751	-0.095146	0.334919
0.172134	-0.017181	0.375062	-0.618668	0.629842	-0.469674	-0.708074	-0.705976	-0.014146	-0.339725	0.323024	0.883328	0	4e-06	3e-06	0	0	0	0.520273	-0.197645	-0.033557	0.321918	-0.9929	-0.040872	0.111667	0.103324	-0.760034	0.641566	0.059903	0.648594	0.758684	-0	-3e-06	-4e-06	-0.12805	0.082378	0.056665	0.346415
0.172133	-0.017188	0.375057	-0.618685	0.629831	-0.469666	-0.708062	-0.705989	-0.014136	-0.33972	0.323019	0.883332	-0	-3e-06	-3e-06	0	0	0	0.520677	-0.197716	-0.033212	0.32167	-0.993938	-0.038761	0.102841	0.096157	-0.758391	0.644617	0.054263	0.65064	0.757355	-0.000417	0.01202	-0.007306	-0.514077	-2.04925	1.842218	0.358628
0.172133	-0.017173	0.375042	-0.618659	0.629847	-0.46968	-0.708062	-0.705987	-0.014198	-0.339767	0.322991	0.883324	-0	-0	-0	0	0	0	0.520847	-0.197905	-0.032803	0.321347	-0.995069	-0.029137	0.094766	0.083849	-0.75591	0.649232	0.053975	0.654006	0.75447	-0.016057	0.021651	-0.016244	-0.48272	-2.020064	1.81833	0.366051
0.172133	-0.017166	0.375035	-0.618646	0.629855	-0.469686	-0.708062	-0.705987	-0.014228	-0.339791	0.322977	0.88332	-0	-0	-0	0	0	0	0.520626	-0.198053	-0.032584	0.321151	-0.995082	-0.027386	0.095152	0.082864	-0.754919	0.650511	0.055274	0.655224	0.753319	-0.000636	0.00972	-0.009781	0.011188	0.004693	0.028545	0.363499
0.172143	-0.017158	0.375015	-0.618617	0.629872	-0.469701	-0.708064	-0.705984	-0.014291	-0.33984	0.32295	0.883312	-1e-06	-2.9e-05	-2.1e-05	0	0	0	0.520925	-0.198387	-0.032134	0.320699	-0.995351	-0.023929	0.093249	0.079208	-0.752672	0.653563	0.055804	0.657934	0.750914	-0.000719	0.008846	-0.010721	-0.300797	0.20844	0.164463	0.354734
0.172141	-0.017149	0.374984	-0.618612	0.629874	-0.469706	-0.70804	-0.706007	-0.014363	-0.339899	0.322898	0.883308	-5e-06	-9e-05	-6.7e-05	0	0	0	0.520606	-0.198696	-0.031706	0.320128	-0.995534	-0.022519	0.091631	0.077146	-0.751978	0.654608	0.055421	0.658774	0.750205	-0.000967	0.00632	-0.013449	0.021518	0.010761	-0.00181	0.350081
0.172131	-0.017141	0.374977	-0.618618	0.62987	-0.469703	-0.708027	-0.70602	-0.014382	-0.339916	0.322877	0.883309	-0	-1e-06	-1e-06	0	0	0	0.520941	-0.198832	-0.031491	0.31979	-0.995754	-0.020906	0.0896	0.074701	-0.750773	0.656273	0.054807	0.660198	0.748998	-0.001525	0.016765	-0.022448	0.030626	-0.002	0.057387	0.347995
0.172131	-0.017134	0.374982	-0.618601	0.629881	-0.469711	-0.708038	-0.706007	-0.014392	-0.339922	0.322882	0.883305	7e-06	0.000145	0.000108	0	0	0	0.520775	-0.199047	-0.031108	0.318981	-0.996221	-0.015693	0.085372	0.068323	-0.746949	0.661312	0.054649	0.664658	0.745055	-0.001934	0.012681	-0.026884	0.006788	0.044684	0.012738	0.338001
0.172131	-0.017134	0.374982	-0.618601	0.629881	-0.469711	-0.708038	-0.706007	-0.014392	-0.339922	0.322882	0.883305	0	0	0	0	0	0	0.520655	-0.199188	-0.030712	0.317967	-0.996427	-0.00859	0.083962	0.06251	-0.742138	0.667276	0.057839	0.670144	0.739882	-0.002075	0.011305	-0.028413	-0.024685	0.052551	0.052128	0.31942
0.172121	-0.017134	0.374983	-0.618621	0.629868	-0.469701	-0.708025	-0.706021	-0.014381	-0.339914	0.322876	0.88331	0	0	0	0	0	0	0.520634	-0.19925	-0.03028	0.316786	-0.996566	0.000338	0.082754	0.055664	-0.73592	0.674728	0.062388	0.677008	0.733233	-0.002748	0.020612	-0.038692	-0.16574	0.168786	0.122451	0.306405
0.172121	-0.017142	0.37499	-0.618634	0.629861	-0.469695	-0.708025	-0.706022	-0.014351	-0.33989	0.32289	0.883314	0	0	0	0	0	0	0.520186	-0.199271	-0.03006	0.316182	-0.996455	0.005641	0.083887	0.052905	-0.732154	0.679033	0.066507	0.681048	0.729118	-0.002242	0.009715	-0.030226	-0.513171	0.382739	0.243167	0.299755
0.172131	-0.017142	0.374989	-0.618614	0.629873	-0.469704	-0.708038	-0.706008	-0.014362	-0.339898	0.322897	0.883309	0	0	0	0	0	0	0.520916	-0.199321	-0.029634	0.315022	-0.996282	0.01273	0.085152	0.049059	-0.727667	0.684126	0.07193	0.685735	0.724194	-0.002112	0.011028	-0.028834	-0.109157	0.106793	0.089991	0.286633
0.172131	-0.017142	0.374989	-0.618614	0.629873	-0.469704	-0.708038	-0.706008	-0.014362	-0.339898	0.322897	0.883309	0	0	0	0	0	0	0.520823	-0.199341	-0.02928	0.313963	-0.996035	0.019748	0.086691	0.045556	-0.722891	0.689411	0.07754	0.690592	0.71898	-0.001498	0.001191	-0.019223	-0.086421	0.08057	0.046521	0.270232
0.172131	-0.017142	0.374989	-0.618614	0.629873	-0.469704	-0.708038	-0.706008	-0.014362	-0.339898	0.322897	0.883309	0	0	0	0	0	0	0.520888	-0.199363	-0.029149	0.313521	-0.995965	0.021479	0.087082	0.044685	-0.721951	0.690452	0.078957	0.691521	0.717933	-0.00198	0.012369	-0.027414	0.034319	0.013734	0.026225	0.263833
0.172131	-0.017142	0.374989	-0.618497	0.629948	-0.469757	-0.708121	-0.705924	-0.014429	-0.33994	0.322932	0.88328	0	0	0	0	0	0	0.520233	-0.199361	-0.029001	0.312787	-0.995797	0.024907	0.088083	0.04317	-0.719729	0.692864	0.081911	0.693714	0.715482	-0.001245	0.003698	-0.01649	0.031467	0.004312	-0.006083	0.249134
0.172131	-0.017142	0.374989	-0.618497	0.629948	-0.469757	-0.708121	-0.705924	-0.014429	-0.33994	0.322932	0.88328	0	0	0	0	0	0	0.52074	-0.199352	-0.029006	0.312315	-0.995682	0.026531	0.088908	0.04271	-0.718625	0.694037	0.083563	0.694795	0.714241	-0.000547	-0.005348	-0.005967	-0.000191	0.000124	8.6e-05	0.226394
0.172131	-0.017142	0.374989	-0.618497	0.629948	-0.469757	-0.708121	-0.705924	-0.014429	-0.33994	0.322932	0.88328	0	0	0	0	0	0	0.520918	-0.199363	-0.029111	0.312042	-0.995583	0.026182	0.090106	0.043776	-0.718785	0.693805	0.08419	0.694643	0.714315	-0.000439	-0.004284	-0.004789	-0.001711	0.014546	-0.024818	0.202071
0.172131	-0.017142	0.374989	-0.618497	0.629948	-0.469757	-0.708121	-0.705924	-0.014429	-0.33994	0.322932	0.88328	0	0	0	0	0	0	0.520899	-0.199347	-0.029147	0.311969	-0.995822	0.026156	0.087438	0.041972	-0.718472	0.69424	0.082238	0.694968	0.714227	-0.000213	-0.002081	-0.002328	-0	0	0	0.193115
0.172131	-0.017142	0.374989	-0.618497	0.629948	-0.469757	-0.708121	-0.705924	-0.014429	-0.33994	0.322932	0.88328	0	0	0	0	0	0	0.520609	-0.199294	-0.029161	0.311919	-0.995779	0.026012	0.087966	0.042439	-0.718499	0.694185	0.082518	0.694946	0.714216	8e-05	0.000779	0.000872	-0	0	0	0.180483
0.172131	-0.017142	0.374989	-0.618497	0.629948	-0.469757	-0.708121	-0.705924	-0.014429	-0.33994	0.322932	0.88328	0	0	0	0	0	0	0.520489	-0.199236	-0.029138	0.311941	-0.99569	0.025715	0.089053	0.043413	-0.718477	0.694146	0.08309	0.694979	0.714117	5.3e-05	0.000523	0.000585	-0	0	0	0.162361
0.172131	-0.017142	0.374989	-0.618497	0.629948	-0.469757	-0.708121	-0.705924	-0.014429	-0.33994	0.322932	0.88328	0	0	0	0	0	0	0.520655	-0.199222	-0.029129	0.311966	-0.995613	0.025457	0.089984	0.04425	-0.71844	0.694131	0.083576	0.695027	0.714013	5.7e-05	0.000556	0.000622	-0	0	0	0.132253
0.172121	-0.017134	0.374983	-0.618504	0.629944	-0.469754	-0.708107	-0.705937	-0.014449	-0.339956	0.322912	0.883281	0	0	0	0	0	0	0.520417	-0.199369	-0.029082	0.311966	-0.995302	0.028558	0.092458	0.044156	-0.715194	0.697482	0.087301	0.698243	0.710421	1e-06	1.1e-05	1.2e-05	-0.126513	0.08287	0.057471	-0.022599
0.172121	-0.017134	0.374983	-0.618504	0.629944	-0.469754	-0.708107	-0.705937	-0.014449	-0.339956	0.322912	0.883281	0	0	0	0	0	0	0.520853	-0.1997	-0.028958	0.311768	-0.995342	0.011678	0.095645	0.059222	-0.707761	0.703919	0.077171	0.70628	0.703617	-0.000822	0.007848	-0.011891	-0.310135	-0.165898	-0.19631	-0.232527
0.17212	-0.017133	0.374971	-0.618507	0.629941	-0.469754	-0.708095	-0.705949	-0.01447	-0.339974	0.322893	0.883281	-0	-1e-06	-0	0	0	0	0.520659	-0.200228	-0.028612	0.311177	-0.992985	0.004461	0.118117	0.081157	-0.699799	0.709668	0.087077	0.71426	0.694344	-0.016665	0.015806	-0.022764	0.123476	2.08435	-1.88389	-0.580218
0.17212	-0.017126	0.374964	-0.618494	0.629949	-0.46976	-0.708095	-0.705948	-0.0145	-0.339998	0.322879	0.883277	-0	-0	-0	0	0	0	0.520335	-0.200581	-0.028422	0.31068	-0.990691	0.007616	0.135882	0.092551	-0.693452	0.714487	0.100919	0.720392	0.686086	-0.017164	0.011131	-0.028036	-0.512335	0.916019	-0.139488	-0.918843
0.172089	-0.017103	0.374956	-0.61851	0.62994	-0.469753	-0.708067	-0.705976	-0.014538	-0.340029	0.322836	0.88328	-0.000224	0.010131	-0.009413	0.035751	-0.010374	0.019638	0.521054	-0.201212	-0.028073	0.309362	-0.984673	-0.004495	0.174327	0.130582	-0.6808	0.72069	0.116683	0.732403	0.670697	-0.017711	0.006298	-0.033582	-1.448412	-3.189169	-3.732205	-1.392246
0.172026	-0.017094	0.374939	-0.618617	0.629872	-0.469702	-0.707974	-0.706069	-0.014523	-0.340027	0.322765	0.883307	-0	-1e-06	-1e-06	0	0	0	0.520883	-0.201485	-0.027377	0.307756	-0.983551	-0.004853	0.180543	0.137164	-0.669636	0.729868	0.118596	0.742621	0.659024	-0.003525	0.029182	-0.050263	-0.165723	0.030999	0.451302	-1.403704
0.171974	-0.017085	0.374922	-0.618705	0.629816	-0.46966	-0.707895	-0.706149	-0.014519	-0.340031	0.322699	0.88333	-3.2e-05	-0.000626	-0.000465	0	0	0	0.520895	-0.20155	-0.026931	0.306838	-0.984868	0.003652	0.173244	0.126915	-0.66474	0.736171	0.119091	0.747002	0.653964	-0.003637	0.028199	-0.051429	-0.147723	-0.036476	0.495381	-1.404281
0.171838	-0.017036	0.374886	-0.618762	0.629782	-0.469631	-0.707802	-0.70624	-0.014627	-0.34012	0.322568	0.883343	-0.013805	0.000266	0.000592	-0.000984	0.014715	-0.029553	0.521147	-0.201686	-0.025912	0.304895	-0.986867	0.017599	0.160549	0.10962	-0.656278	0.746469	0.119745	0.75423	0.645493	-0.003546	0.02909	-0.0505	-0.165945	0.063635	0.32573	-1.404591
0.171638	-0.016992	0.374798	-0.618968	0.629652	-0.469533	-0.707569	-0.706471	-0.014741	-0.34023	0.322315	0.883393	-0.0001	-0.001896	-0.001409	-0.000891	0.012029	-0.026174	0.520979	-0.201666	-0.024631	0.302848	-0.991069	0.042387	0.126399	0.069026	-0.647188	0.759156	0.115232	0.761035	0.638288	-0.003465	0.029886	-0.049655	-0.404882	-1.650342	2.516222	-1.404031
0.171286	-0.016885	0.374532	-0.619515	0.629298	-0.469287	-0.706933	-0.7071	-0.015076	-0.340556	0.321628	0.883518	-0.014021	-0.003732	-0.002385	-0.000984	0.014715	-0.029553	0.521269	-0.201793	-0.023103	0.300903	-0.990393	0.094027	0.101347	0.018665	-0.634756	0.772444	0.138211	0.766783	0.626741	-0.002776	0.036108	-0.042458	-0.44474	0.098312	0.639097	-1.404125
0.171037	-0.016794	0.37425	-0.6199	0.629043	-0.469121	-0.706407	-0.707616	-0.015502	-0.340944	0.320994	0.883599	-0.014415	0.003128	-0.014231	0.033872	0.016289	-0.036129	0.520586	-0.201935	-0.022222	0.30005	-0.989867	0.104706	0.095872	0.009344	-0.625141	0.780414	0.142896	0.773256	0.617672	-0.00241	0.039359	-0.038661	-0.86823	0.427639	0.642321	-1.403828
0.17039	-0.016481	0.373319	-0.620903	0.625178	-0.472946	-0.704314	-0.709738	-0.013648	-0.343435	0.323846	0.881591	-0.014887	0.008716	-0.027043	0.046116	-0.037493	-0.035824	0.516769	-0.202087	-0.020339	0.298572	-0.987888	0.123782	0.093528	-0.001139	-0.608009	0.793888	0.156381	0.783995	0.600633	-0.001844	0.044362	-0.032785	-0.433936	1.822415	-1.727171	-1.403824
0.169666	-0.015975	0.371973	-0.625811	0.617405	-0.476672	-0.697394	-0.716557	-0.012633	-0.34859	0.32375	0.879601	-0.015274	0.015828	-0.038727	0.071329	-0.067313	-0.025128	0.498089	-0.20211	-0.018625	0.297463	-0.985642	0.145386	0.085817	-0.015728	-0.584616	0.811117	0.169338	0.797922	0.578367	-0.001463	0.047755	-0.028786	-0.789851	0.427835	0.477252	-1.403448
0.169253	-0.015622	0.371139	-0.633673	0.607871	-0.478536	-0.687298	-0.726247	-0.012528	-0.354369	0.320198	0.878591	-0.029387	0.024673	-0.048719	0.083736	-0.101632	-0.096198	0.485901	-0.202077	-0.017798	0.296983	-0.98557	0.147704	0.08263	-0.017888	-0.575828	0.817336	0.169547	0.803861	0.570023	-0.000932	0.037314	-0.01983	-0.479905	0.152244	0.48794	-1.40297
0.168438	-0.01466	0.369167	-0.645033	0.59092	-0.484553	-0.670712	-0.741607	-0.011664	-0.365445	0.316732	0.875305	-0.015594	0.023978	-0.049635	0.088103	-0.098461	-0.047338	0.45604	-0.202101	-0.016304	0.296192	-0.996183	0.037237	0.078899	0.044414	-0.560645	0.826825	0.076281	0.827109	0.556718	-0.000991	0.036765	-0.020444	-0.850563	-5.917682	-3.884599	-1.40286
0.167674	-0.013564	0.367077	-0.658433	0.568726	-0.493012	-0.649434	-0.760335	-0.009871	-0.379656	0.312967	0.870597	-0.015793	0.033724	-0.059288	0.129928	-0.137922	-0.081172	0.440212	-0.202361	-0.014973	0.295447	-0.991515	-0.110904	0.067738	0.117054	-0.53748	0.835073	-0.05495	0.836041	0.545783	-0.015938	0.036055	-0.020383	-1.013288	-4.739446	-3.007933	-1.403118
0.167005	-0.012552	0.365086	-0.663595	0.549406	-0.50778	-0.636501	-0.771253	-0.002768	-0.392328	0.320677	0.862132	-0.015618	0.0237	-0.049879	2.583798	-0.641157	-5.0776	0.437047	-0.202874	-0.013473	0.294978	-0.964116	-0.260152	0.052831	0.183554	-0.510038	0.840299	-0.190436	0.820156	0.539389	-0.014752	0.045982	-0.008869	-0.139377	-1.483135	-0.868673	-1.40273
0.16666	-0.012072	0.364103	-0.666079	0.540477	-0.514072	-0.630133	-0.776469	3e-06	-0.398337	0.323259	0.858405	-0.015542	0.024866	-0.048992	-0.0128	-0.279751	-0.135646	0.43843	-0.203136	-0.012543	0.294968	-0.956317	-0.285473	0.062874	0.204284	-0.4993	0.841963	-0.207751	0.818372	0.535695	-0.013562	0.041037	0.00633	-0.126084	0.348984	-0.675036	-1.403062
0.165996	-0.011311	0.362367	-0.667539	0.524593	-0.528431	-0.621887	-0.783047	0.008137	-0.408694	0.333398	0.849613	-0.01543	0.014233	-0.040102	-0.058845	-0.286232	-0.164991	0.444028	-0.203484	-0.010663	0.295429	-0.951898	-0.294525	0.08448	0.224222	-0.482159	0.846866	-0.207483	0.825427	0.524866	0.002695	0.038514	0.023208	-0.251366	-0.051253	0.129042	-1.403439
0.165287	-0.010754	0.360924	-0.66603	0.5141	-0.54051	-0.618823	-0.785361	0.015443	-0.415734	0.344121	0.841887	-0.015227	0.005171	-0.03002	-0.079228	-0.347114	0.000355	0.453145	-0.203378	-0.009099	0.296616	-0.951258	-0.294048	0.092924	0.22882	-0.471506	0.85162	-0.205396	0.831728	0.515659	0.003554	0.046393	0.031678	-0.030126	-0.056348	0.163913	-1.403175
0.164918	-0.010543	0.360259	-0.665167	0.50884	-0.546516	-0.61745	-0.786356	0.019258	-0.419135	0.349619	0.837926	-0.015244	0.005119	-0.030088	-0.177791	-0.422438	-0.258558	0.458511	-0.20328	-0.008434	0.297392	-0.952106	-0.291065	0.093633	0.226811	-0.467475	0.854376	-0.2037	0.835043	0.510952	0.00395	0.035181	0.039371	-0.163155	0.004369	0.188268	-1.403302
0.164181	-0.010313	0.358905	-0.662435	0.498859	-0.558896	-0.615566	-0.787622	0.026494	-0.426164	0.360963	0.829528	-0.01568	-0.000236	-0.034378	-0.292317	-0.613344	-0.386858	0.472065	-0.202822	-0.007564	0.299015	-0.952797	-0.284882	0.104936	0.232806	-0.464272	0.854509	-0.193506	0.838946	0.508515	0.018067	0.016292	0.0375	-0.041929	0.076336	-0.097238	-1.403499
0.163494	-0.010395	0.357363	-0.656567	0.490122	-0.573364	-0.614928	-0.787976	0.030494	-0.43604	0.371984	0.819466	-0.01626	-0.006999	-0.039902	-0.09544	-0.365021	-0.043597	0.485012	-0.20172	-0.007969	0.300369	-0.982856	-0.14638	0.112064	0.170208	-0.488464	0.855784	-0.069286	0.860353	0.504831	0.031417	-0.025231	0.031446	0.101116	1.553502	0.95261	-1.4037
0.16314	-0.010579	0.356495	-0.649744	0.485228	-0.585177	-0.615335	-0.787677	0.029999	-0.445572	0.378963	0.811097	-0.016726	-0.012372	-0.044329	-0.202513	-0.546454	-0.167215	0.486323	-0.200944	-0.008741	0.300891	-0.991452	-0.065719	0.112679	0.130326	-0.500835	0.855636	0.001455	0.863071	0.504944	0.045429	-0.046917	0.027071	0.119587	1.889626	1.130589	-1.403566
0.162429	-0.011263	0.354585	-0.627624	0.482765	-0.610795	-0.619308	-0.784971	0.015854	-0.471028	0.387616	0.79241	-0.031472	-0.02049	-0.050999	1.736067	-2.013751	1.67064	0.480474	-0.199025	-0.011261	0.301494	-0.986147	0.122077	0.112258	0.030852	-0.529412	0.847765	0.164167	0.839313	0.518138	0.058594	-0.065221	0.005925	0.802739	1.448702	1.042037	-1.40244
0.161553	-0.012339	0.35251	-0.597761	0.485387	-0.638064	-0.632275	-0.77472	0.00291	-0.492171	0.404563	0.770793	-0.03224	-0.026874	-0.056871	1.668605	-2.17667	1.820427	0.454291	-0.196535	-0.014299	0.301551	-0.953153	0.285068	0.101135	-0.079401	-0.558103	0.825924	0.293087	0.778826	0.554431	0.07347	-0.087334	0.000457	1.814292	4.277742	3.201214	-1.401768
0.160159	-0.01358	0.350506	-0.563067	0.49673	-0.6605	-0.656412	-0.754343	-0.007804	-0.501426	0.428544	0.751631	-0.04651	-0.024926	-0.055711	-0.106877	-0.671378	0.295001	0.432318	-0.194014	-0.017286	0.301164	-0.902398	0.424199	0.075656	-0.206376	-0.579376	0.788458	0.379431	0.695341	0.610243	0.058361	-0.064841	-0.015214	2.142752	3.549675	3.701568	-1.402179
0.159146	-0.014169	0.349506	-0.544556	0.505189	-0.669544	-0.670172	-0.742037	-0.0149	-0.503683	0.439964	0.74348	-0.06067	-0.022488	-0.053771	-0.008416	-0.472876	0.390913	0.42729	-0.192845	-0.018588	0.300944	-0.876067	0.476959	0.070765	-0.26161	-0.59323	0.761297	0.406189	0.64782	0.644363	0.058369	-0.050244	-0.019717	2.449433	3.330629	3.824122	-1.402309
0.156836	-0.015071	0.347618	-0.522301	0.50671	-0.685924	-0.677542	-0.734965	-0.027097	-0.517218	0.449956	0.728047	-0.0608	-0.01852	-0.051063	0.010191	-0.589935	0.392393	0.436374	-0.190913	-0.020821	0.300391	-0.804215	0.585113	0.104272	-0.356328	-0.614922	0.703446	0.476724	0.527819	0.702854	0.044527	-0.061124	-0.010743	1.984432	2.181116	-0.528467	-1.402454
0.154271	-0.015659	0.345601	-0.50466	0.510088	-0.696544	-0.686817	-0.726009	-0.034128	-0.522485	0.460537	0.717595	-0.061001	-0.015749	-0.0493	0.06407	-0.2329	0.322776	0.452227	-0.189732	-0.023093	0.299831	-0.724926	0.668513	0.166023	-0.429524	-0.62699	0.649867	0.539448	0.398947	0.741418	0.014094	-0.051713	-0.019161	1.463188	1.66994	-1.864801	-1.402975
0.152976	-0.015851	0.344577	-0.498175	0.508547	-0.702316	-0.688492	-0.724322	-0.036188	-0.526493	0.464874	0.711846	-0.061127	-0.014808	-0.048776	0.051389	-0.250155	0.280817	0.456054	-0.189374	-0.024165	0.299486	-0.678152	0.709042	0.193286	-0.467773	-0.619158	0.630686	0.567707	0.33639	0.751275	0.014698	-0.064066	-0.012666	1.927685	3.803591	4.007613	-1.40277
