0.141034	0.033396	0.429843	-0.507529	0.500324	-0.701524	-0.629194	-0.771398	-0.095032	-0.588076	0.392537	0.707183	-0	-0	-0	0	0	0	-1.369506	-0.200398	0.006312	0.355021	0.692552	0.258946	0.673283	-0.592623	0.736256	0.326588	-0.411993	-0.625503	0.662473	-0	-0	-0	0	0	0	-1.204972
0.141032	0.03338	0.429837	-0.507564	0.500299	-0.701517	-0.629175	-0.771417	-0.095002	-0.588067	0.39253	0.707194	-7.1e-05	-0.000507	-0.000195	0	0	0	-1.370835	-0.200399	0.006321	0.355015	0.692563	0.258943	0.673273	-0.592603	0.736276	0.326578	-0.412003	-0.625481	0.662488	-0	-0	-0	0	0	0	-1.204099
0.141038	0.033362	0.429829	-0.507578	0.500287	-0.701515	-0.629167	-0.771426	-0.094989	-0.588064	0.392529	0.707198	-1.1e-05	-7.5e-05	-2.9e-05	0	0	0	-1.370629	-0.200399	0.006329	0.355009	0.692575	0.258939	0.673262	-0.592582	0.736296	0.326569	-0.412012	-0.625458	0.662503	-0	-0	-0	0	0	0	-1.202177
0.141028	0.033362	0.42982	-0.507601	0.500269	-0.701511	-0.629138	-0.77145	-0.094987	-0.588075	0.392505	0.707202	-4e-06	-2.8e-05	-1.1e-05	0	0	0	-1.369766	-0.200408	0.006321	0.355016	0.692545	0.258952	0.673287	-0.592619	0.736269	0.326565	-0.41201	-0.625485	0.66248	-0	-0	-0	0	0	0	-1.204057
0.141038	0.033369	0.429822	-0.507564	0.500294	-0.70152	-0.629158	-0.77143	-0.095018	-0.588086	0.392513	0.707189	1.2e-05	8.7e-05	3.4e-05	0	0	0	-1.367076	-0.200418	0.006328	0.355022	0.694065	0.254848	0.673289	-0.588251	0.739765	0.326563	-0.415706	-0.623035	0.66248	3.4e-05	0.000384	0.000285	0.334885	0.162428	0.329509	-1.203811
0.141038	0.033369	0.429822	-0.507564	0.500294	-0.70152	-0.629158	-0.77143	-0.095018	-0.588086	0.392513	0.707189	0	1e-06	0	0	0	0	-1.366468	-0.200418	0.006336	0.355015	0.694076	0.254844	0.673279	-0.58823	0.739785	0.326554	-0.415716	-0.623012	0.662495	0	5e-06	4e-06	0	0	0	-1.202231
0.141046	0.03336	0.429818	-0.507561	0.500294	-0.701522	-0.629159	-0.771429	-0.095019	-0.588087	0.392515	0.707186	-0	-2e-06	-1e-06	0	0	0	-1.369193	-0.200408	0.006336	0.355015	0.694094	0.254835	0.673264	-0.588214	0.739791	0.326567	-0.415709	-0.623008	0.662503	5.4e-05	0.000611	0.000453	0	0	0	-1.202222
0.141037	0.033369	0.429811	-0.507567	0.500289	-0.701522	-0.62914	-0.771443	-0.095032	-0.588103	0.392493	0.707185	-0	-0	-0	0	0	0	-1.36901	-0.200418	0.006321	0.355017	0.694049	0.254855	0.673302	-0.588264	0.739759	0.326551	-0.415713	-0.623038	0.662472	-2.4e-05	-0.000277	-0.000206	0	0	0	-1.201687
0.141036	0.03336	0.429808	-0.507584	0.500276	-0.701518	-0.62913	-0.771453	-0.095017	-0.588098	0.39249	0.707191	-2e-05	-0.000142	-5.5e-05	0	0	0	-1.368115	-0.200419	0.006314	0.355011	0.694034	0.254863	0.673315	-0.588278	0.739753	0.326539	-0.41572	-0.623042	0.662464	-1.5e-05	-0.000175	-0.00013	0	0	0	-1.200171
0.141043	0.033351	0.429804	-0.507581	0.500277	-0.70152	-0.629131	-0.771452	-0.095018	-0.5881	0.392492	0.707189	-1e-06	-5e-06	-2e-06	0	0	0	-1.368882	-0.200409	0.006314	0.355011	0.693945	0.254904	0.673391	-0.588356	0.739721	0.326471	-0.415758	-0.623063	0.662421	-0	-0	-0	0	0	0	-1.201065
0.141043	0.033344	0.429812	-0.507595	0.500269	-0.701515	-0.62914	-0.771448	-0.094989	-0.588078	0.392508	0.707198	-0	-0	-0	0	0	0	-1.369511	-0.200408	0.006321	0.355016	0.694067	0.254846	0.673287	-0.588249	0.739765	0.326565	-0.415706	-0.623034	0.66248	0	2e-06	1e-06	0	0	0	-1.199533
0.141043	0.033344	0.429812	-0.507595	0.500269	-0.701515	-0.62914	-0.771448	-0.094989	-0.588078	0.392508	0.707198	-0	-0	-0	0	0	0	-1.371174	-0.200419	0.006314	0.355011	0.694034	0.254863	0.673315	-0.588278	0.739753	0.326539	-0.41572	-0.623042	0.662464	-0	-2e-06	-1e-06	0	0	0	-1.199884
0.141041	0.033328	0.429806	-0.50763	0.500244	-0.701508	-0.62912	-0.771467	-0.09496	-0.588069	0.392502	0.707209	-8.1e-05	-0.000576	-0.000222	0	0	0	-1.371548	-0.200409	0.006314	0.355011	0.694051	0.254854	0.6733	-0.588262	0.73976	0.326553	-0.415713	-0.623038	0.662473	-0	-0	-0	0	0	0	-1.198343
0.141038	0.033303	0.429796	-0.507681	0.500207	-0.701497	-0.629092	-0.771497	-0.094916	-0.588055	0.392492	0.707225	-5.5e-05	-0.000391	-0.000151	0	0	0	-1.368967	-0.200409	0.006314	0.355011	0.694051	0.254854	0.6733	-0.588262	0.73976	0.326553	-0.415713	-0.623038	0.662473	-0	-4e-06	-3e-06	0	0	0	-1.198055
0.141036	0.033288	0.429801	-0.507713	0.500188	-0.701488	-0.62909	-0.771503	-0.094872	-0.588029	0.392505	0.70724	-0	-3e-06	-1e-06	0	0	0	-1.372056	-0.200409	0.006314	0.355011	0.694051	0.254854	0.6733	-0.588262	0.73976	0.326553	-0.415713	-0.623038	0.662473	-0	-0	-0	0	0	0	-1.198872
0.141037	0.033296	0.429804	-0.507696	0.5002	-0.701492	-0.6291	-0.771493	-0.094887	-0.588034	0.392508	0.707234	0	1e-06	0	0	0	0	-1.373615	-0.200409	0.006314	0.355011	0.694051	0.254854	0.6733	-0.588262	0.73976	0.326553	-0.415713	-0.623038	0.662473	-0	-0	-0	0	0	0	-1.199097
0.141036	0.033295	0.429793	-0.507699	0.500195	-0.701493	-0.629082	-0.771506	-0.094901	-0.588051	0.392489	0.707231	-0.000102	-0.000722	-0.000278	0	0	0	-1.374114	-0.200409	0.006314	0.355011	0.694051	0.254854	0.6733	-0.588262	0.73976	0.326553	-0.415713	-0.623038	0.662473	-0	-0	-0	0	0	0	-1.197608
0.141036	0.033288	0.429801	-0.507713	0.500188	-0.701488	-0.62909	-0.771503	-0.094872	-0.588029	0.392505	0.70724	-0	-0	-0	0	0	0	-1.37258	-0.200409	0.006314	0.355011	0.694051	0.254854	0.6733	-0.588262	0.73976	0.326553	-0.415713	-0.623038	0.662473	-0	-0	-0	0	0	0	-1.197961
0.141045	0.033287	0.4298	-0.507693	0.5002	-0.701494	-0.629101	-0.771492	-0.094888	-0.588035	0.39251	0.707232	-0	-0	-0	0	0	0	-1.374695	-0.20041	0.0063	0.355	0.69402	0.254868	0.673327	-0.588289	0.739749	0.326529	-0.415726	-0.623045	0.662458	-9e-05	-0.001026	-0.000762	0	0	0	-1.198491
0.141036	0.033288	0.429801	-0.507713	0.500188	-0.701488	-0.62909	-0.771503	-0.094872	-0.588029	0.392505	0.70724	-0	-0	-0	0	0	0	-1.374472	-0.200421	0.006293	0.354996	0.693987	0.254885	0.673355	-0.588319	0.739737	0.326504	-0.415739	-0.623053	0.662442	-1.9e-05	-0.000213	-0.000158	0	0	0	-1.19904
0.141028	0.033289	0.429801	-0.507733	0.500175	-0.701482	-0.62908	-0.771514	-0.094856	-0.588023	0.3925	0.707248	-0	-0	-0	0	0	0	-1.372249	-0.200412	0.006294	0.354983	0.694001	0.254879	0.673343	-0.588296	0.739758	0.326496	-0.415748	-0.62303	0.662458	-0	-3e-06	-2e-06	0	0	0	-1.199069
0.141027	0.033288	0.429791	-0.507737	0.50017	-0.701484	-0.629061	-0.771527	-0.09487	-0.58804	0.392481	0.707244	-6e-06	-4.6e-05	-1.8e-05	0	0	0	-1.373313	-0.200412	0.006294	0.354983	0.694001	0.254879	0.673343	-0.588296	0.739758	0.326496	-0.415748	-0.62303	0.662458	-0	-0	-0	0	0	0	-1.197987
0.141028	0.033303	0.429786	-0.507705	0.500189	-0.701493	-0.629062	-0.771521	-0.094914	-0.588066	0.392468	0.70723	4.5e-05	0.00032	0.000123	0	0	0	-1.372576	-0.200412	0.006294	0.354983	0.694001	0.254879	0.673343	-0.588296	0.739758	0.326496	-0.415748	-0.62303	0.662458	-0	-0	-0	0	0	0	-1.198688
0.141028	0.033296	0.429794	-0.507719	0.500182	-0.701488	-0.629071	-0.771517	-0.094885	-0.588045	0.392484	0.707239	0	0	0	0	0	0	-1.376116	-0.200422	0.006294	0.354984	0.693983	0.254888	0.673357	-0.588312	0.739751	0.326483	-0.415755	-0.623034	0.662449	-0	-0	-0	0	0	0	-1.199056
0.141027	0.033288	0.429791	-0.507737	0.50017	-0.701484	-0.629061	-0.771527	-0.09487	-0.58804	0.392481	0.707244	-0	-1e-06	-0	0	0	0	-1.375688	-0.200413	0.006287	0.354978	0.693985	0.254887	0.673356	-0.58831	0.739752	0.326484	-0.415755	-0.623034	0.66245	-1e-06	-7e-06	-5e-06	0	0	0	-1.199158
0.141027	0.033295	0.429783	-0.507722	0.500177	-0.701489	-0.629053	-0.77153	-0.094899	-0.588062	0.392465	0.707235	0.000137	0.009521	-0.01003	0.035716	-0.012159	0.018654	-1.375873	-0.200413	0.006287	0.354978	0.693985	0.254887	0.673356	-0.58831	0.739752	0.326484	-0.415755	-0.623034	0.66245	-0	-0	-0	0	0	0	-1.199125
0.141027	0.033295	0.429783	-0.507722	0.500177	-0.701489	-0.629053	-0.77153	-0.094899	-0.588062	0.392465	0.707235	-0	-0	-0	0	0	0	-1.375564	-0.200422	0.006287	0.354979	0.693968	0.254896	0.67337	-0.588326	0.739745	0.326471	-0.415762	-0.623038	0.662442	-0	-0	-0	0	0	0	-1.198915
0.141035	0.033301	0.429775	-0.507688	0.500197	-0.7015	-0.629055	-0.771523	-0.094944	-0.588089	0.392453	0.707219	-0	-0	-0	0	0	0	-1.375546	-0.200413	0.00628	0.354973	0.69397	0.254894	0.673369	-0.588323	0.739747	0.326473	-0.415761	-0.623037	0.662443	-0	-0	-0	0	0	0	-1.198469
0.141026	0.033294	0.429772	-0.507725	0.500171	-0.701491	-0.629034	-0.771544	-0.094913	-0.588078	0.392445	0.707232	-1.7e-05	-0.000121	-4.7e-05	0	0	0	-1.3736	-0.200422	0.006287	0.354979	0.693968	0.254896	0.67337	-0.588326	0.739745	0.326471	-0.415762	-0.623038	0.662442	7.6e-05	0.000865	0.000643	0	0	0	-1.198089
0.141025	0.033286	0.429769	-0.507743	0.500159	-0.701487	-0.629025	-0.771553	-0.094898	-0.588074	0.392442	0.707238	-1.3e-05	-8.9e-05	-3.4e-05	0	0	0	-1.37398	-0.200413	0.00628	0.354973	0.69397	0.254894	0.673369	-0.588323	0.739747	0.326473	-0.415761	-0.623037	0.662443	0.013249	-0.00119	-0.00174	0.002045	-0.015205	0.029245	-1.198035
0.141031	0.033262	0.42977	-0.507771	0.50014	-0.70148	-0.629025	-0.771559	-0.094856	-0.588049	0.392457	0.70725	-7.4e-05	-0.000524	-0.000202	0	0	0	-1.374026	-0.200415	0.006259	0.354957	0.693924	0.254916	0.673408	-0.588364	0.73973	0.326437	-0.415781	-0.623048	0.66242	-2.7e-05	-0.000305	-0.000226	0	0	0	-1.197556
0.141032	0.033277	0.429765	-0.50774	0.500159	-0.701489	-0.629026	-0.771552	-0.094899	-0.588075	0.392444	0.707235	7.3e-05	0.000522	0.000201	0	0	0	-1.376506	-0.200438	0.006224	0.354933	0.693811	0.254971	0.673504	-0.588464	0.739688	0.326351	-0.415828	-0.623075	0.662366	-8.3e-05	-0.000939	-0.000698	0	0	0	-1.196863
0.141032	0.033277	0.429765	-0.50774	0.500159	-0.701489	-0.629026	-0.771552	-0.094899	-0.588075	0.392444	0.707235	1e-06	6e-06	2e-06	0	0	0	-1.376562	-0.20044	0.006203	0.354917	0.693765	0.254993	0.673543	-0.588505	0.739672	0.326315	-0.415847	-0.623085	0.662343	-8.4e-05	-0.000959	-0.000713	0	0	0	-1.196559
0.141032	0.033277	0.429765	-0.50774	0.500159	-0.701489	-0.629026	-0.771552	-0.094899	-0.588075	0.392444	0.707235	0	0	0	0	0	0	-1.376194	-0.200441	0.006189	0.354906	0.693734	0.255008	0.673569	-0.588532	0.73966	0.326292	-0.41586	-0.623093	0.662328	-0	-5e-06	-4e-06	0	0	0	-1.198661
0.141023	0.033278	0.429766	-0.50776	0.500147	-0.701483	-0.629015	-0.771563	-0.094883	-0.588069	0.392439	0.707243	0	0	0	0	0	0	-1.371202	-0.20045	0.006203	0.354918	0.693747	0.255002	0.673558	-0.58852	0.739665	0.326301	-0.415854	-0.62309	0.662335	1e-06	1.5e-05	1.1e-05	0	0	0	-1.19937
0.141037	0.033245	0.429763	-0.507666	0.500214	-0.701504	-0.629083	-0.7715	-0.094944	-0.588078	0.392478	0.707215	-5e-05	-0.000355	-0.000137	0	0	0	-1.373814	-0.20045	0.006196	0.354912	0.693732	0.25501	0.673571	-0.588534	0.739659	0.32629	-0.415861	-0.623093	0.662327	-1e-06	-7e-06	-5e-06	0	0	0	-1.198941
0.141051	0.033225	0.429744	-0.507663	0.500209	-0.701509	-0.629067	-0.771511	-0.094961	-0.588098	0.392462	0.707207	-0.00013	-0.000923	-0.000356	0	0	0	-1.374306	-0.200451	0.006189	0.354907	0.693716	0.255017	0.673584	-0.588548	0.739654	0.326278	-0.415867	-0.623097	0.66232	-2.1e-05	-0.000236	-0.000175	0	0	0	-1.199718
0.141067	0.033164	0.429699	-0.507728	0.50015	-0.701504	-0.628995	-0.771573	-0.094934	-0.588118	0.392415	0.707216	-0.000446	-0.003169	-0.001223	-0.001205	0.010443	-0.026833	-1.373703	-0.200474	0.006161	0.354888	0.693619	0.255065	0.673666	-0.588634	0.739618	0.326203	-0.415907	-0.62312	0.662273	-2e-05	-0.000229	-0.00017	0	0	0	-1.199541
0.141061	0.033086	0.429627	-0.507876	0.500029	-0.701483	-0.628845	-0.771703	-0.094873	-0.588151	0.392314	0.707245	-0.00038	-0.002701	-0.001044	0	0	0	-1.373527	-0.200495	0.006132	0.35488	0.693526	0.255109	0.673745	-0.588727	0.739568	0.326149	-0.415931	-0.623161	0.662219	-5e-06	-5.3e-05	-3.9e-05	0	0	0	-1.20029
0.141056	0.033073	0.429581	-0.507905	0.499996	-0.701485	-0.628762	-0.771765	-0.094914	-0.588214	0.392234	0.707237	-0.00014	0.007555	-0.010788	0.035716	-0.012159	0.018655	-1.374746	-0.200504	0.00614	0.354887	0.693524	0.255111	0.673747	-0.588729	0.739567	0.326147	-0.415932	-0.623161	0.662218	0.000105	0.001196	0.00089	0	0	0	-1.200397
0.141048	0.033117	0.429537	-0.50784	0.500027	-0.70151	-0.628699	-0.771797	-0.095071	-0.588337	0.392132	0.707191	7.3e-05	0.00052	0.000201	0	0	0	-1.375728	-0.200502	0.006168	0.354908	0.693586	0.255081	0.673694	-0.588674	0.73959	0.326195	-0.415905	-0.623147	0.662248	0.000107	0.001211	0.000901	0	0	0	-1.200653
0.141051	0.033155	0.429521	-0.507763	0.500073	-0.701533	-0.628693	-0.771788	-0.095187	-0.58841	0.39209	0.707153	3e-06	2.1e-05	8e-06	0	0	0	-1.376012	-0.200479	0.006172	0.354934	0.693644	0.255049	0.673646	-0.588643	0.739579	0.326276	-0.415853	-0.623173	0.662257	1.6e-05	0.000181	0.000135	0	0	0	-1.201082
0.141059	0.033147	0.429527	-0.507757	0.500079	-0.701533	-0.628712	-0.771774	-0.095174	-0.588395	0.392111	0.707154	0	0	0	0	0	0	-1.379055	-0.200461	0.006158	0.354922	0.693648	0.255045	0.673643	-0.588638	0.739581	0.32628	-0.415852	-0.623172	0.662259	-0.000125	-0.001419	-0.001055	-0.001729	0.014053	-0.025098	-1.199259
0.141051	0.033148	0.429528	-0.507778	0.500066	-0.701528	-0.628701	-0.771785	-0.095158	-0.588389	0.392106	0.707162	0	0	0	0	0	0	-1.37977	-0.200482	0.006159	0.354912	0.693609	0.255067	0.673675	-0.588663	0.739582	0.326231	-0.415882	-0.623161	0.66225	-4.2e-05	-0.000472	-0.000351	0	0	0	-1.198567
0.141054	0.033151	0.42956	-0.507768	0.500082	-0.701523	-0.628756	-0.771745	-0.095116	-0.588338	0.392164	0.707172	0.000276	0.00196	0.000758	0.001204	-0.010453	0.02683	-1.383358	-0.200507	0.006103	0.354872	0.69345	0.255144	0.67381	-0.588804	0.739524	0.326109	-0.415948	-0.623199	0.662173	-0.000213	-0.002412	-0.001794	-0.001729	0.014054	-0.025098	-1.198314
0.141061	0.033172	0.42962	-0.507838	0.500047	-0.701498	-0.628801	-0.771726	-0.094974	-0.588231	0.392245	0.707216	0.000212	0.001507	0.000582	0	0	0	-1.383733	-0.200531	0.006048	0.354832	0.693291	0.255221	0.673944	-0.588944	0.739466	0.325987	-0.416014	-0.623236	0.662097	-9.1e-05	-0.001036	-0.000771	0	0	0	-1.201219
0.141064	0.033189	0.429637	-0.507681	0.500163	-0.701529	-0.628905	-0.771627	-0.095091	-0.588255	0.392293	0.70717	0.000136	0.000969	0.000374	0	0	0	-1.384303	-0.200544	0.00602	0.354812	0.693212	0.25526	0.674011	-0.589014	0.739438	0.325926	-0.416048	-0.623255	0.662058	-0.000155	-0.001752	-0.001304	0	0	0	-1.20181
0.141082	0.033209	0.429613	-0.507716	0.500124	-0.701531	-0.628834	-0.771683	-0.095108	-0.5883	0.392232	0.707166	-2.7e-05	-0.000195	-7.5e-05	0	0	0	-1.383119	-0.200568	0.005971	0.354777	0.693068	0.255329	0.674132	-0.589141	0.739385	0.325816	-0.416107	-0.623289	0.661989	-6.9e-05	-0.000786	-0.000585	0	0	0	-1.201475
0.141139	0.033178	0.429598	-0.507506	0.500262	-0.701585	-0.628948	-0.771569	-0.095278	-0.58836	0.392279	0.70709	-3.7e-05	-0.000261	-0.000101	0	0	0	-1.39088	-0.200622	0.005945	0.354748	0.692914	0.255408	0.674261	-0.589268	0.739345	0.325679	-0.416184	-0.623305	0.661925	-4.4e-05	-0.000498	-0.000371	0	0	0	-1.203335
0.141171	0.033158	0.429589	-0.507578	0.500202	-0.701575	-0.628904	-0.771612	-0.095211	-0.588344	0.392271	0.707108	-2e-06	-1.5e-05	-6e-06	0	0	0	-1.389022	-0.200683	0.005924	0.354749	0.692766	0.255481	0.674386	-0.589411	0.739274	0.325581	-0.416229	-0.623359	0.661846	-3e-06	-3.5e-05	-2.6e-05	0	0	0	-1.207351
0.14118	0.033164	0.42958	-0.507424	0.500308	-0.701611	-0.628973	-0.771538	-0.095357	-0.588403	0.392281	0.707053	-0	-0	-0	0	0	0	-1.3899	-0.200723	0.005918	0.354747	0.69268	0.255525	0.674458	-0.589487	0.739242	0.325515	-0.416264	-0.623379	0.661806	-6e-06	-6.5e-05	-4.8e-05	0	0	0	-1.208265
0.1412	0.033193	0.42957	-0.507439	0.500287	-0.701615	-0.62893	-0.771571	-0.095375	-0.588436	0.392243	0.707047	0.000141	0.001004	0.000388	0	0	0	-1.390625	-0.200784	0.005913	0.354747	0.694059	0.251482	0.674559	-0.585209	0.742675	0.32542	-0.419996	-0.620931	0.661749	0.000118	0.001331	0.000991	0.001728	-0.014054	0.025098	-1.220706
0.141178	0.033214	0.4296	-0.50746	0.500284	-0.701602	-0.628954	-0.771558	-0.095328	-0.588393	0.392274	0.707066	0.000106	0.000754	0.000291	0	0	0	-1.390874	-0.200801	0.005964	0.354774	0.694128	0.251451	0.6745	-0.585138	0.742716	0.325454	-0.419981	-0.620895	0.661793	0.000165	0.001854	0.001381	0	0	0	-1.224794
0.141164	0.03324	0.429611	-0.507449	0.500296	-0.701601	-0.628961	-0.77155	-0.09534	-0.588394	0.392273	0.707065	8.9e-05	0.000638	0.000246	0	0	0	-1.391311	-0.200789	0.005985	0.354789	0.694192	0.25142	0.674446	-0.585082	0.742739	0.325504	-0.419954	-0.62088	0.661824	8.2e-05	0.000921	0.000686	0	0	0	-1.223457
0.141165	0.033283	0.429566	-0.507364	0.50034	-0.701632	-0.628909	-0.771571	-0.095512	-0.588523	0.392177	0.707011	0.011416	-0.001924	-0.001264	0.000984	-0.014715	0.029553	-1.392129	-0.200779	0.005977	0.354783	0.694194	0.251418	0.674444	-0.585079	0.74274	0.325506	-0.419953	-0.620879	0.661824	-6.3e-05	-0.000712	-0.00053	0	0	0	-1.222326
0.141187	0.033291	0.429506	-0.507287	0.500372	-0.701665	-0.628851	-0.771599	-0.095674	-0.588652	0.392082	0.706956	-3.1e-05	-0.000221	-8.5e-05	0	0	0	-1.399169	-0.200784	0.005921	0.354741	0.694071	0.251478	0.674549	-0.585188	0.742695	0.325411	-0.420006	-0.620908	0.661764	-0.000105	-0.001178	-0.000877	0	0	0	-1.221536
0.141205	0.03331	0.429482	-0.507203	0.500419	-0.701692	-0.628847	-0.771588	-0.095793	-0.588729	0.392044	0.706914	0.000228	0.001627	0.000628	0.001202	-0.010462	0.026826	-1.407124	-0.20081	0.005851	0.35469	0.693987	0.251519	0.674619	-0.585262	0.742665	0.325346	-0.42004	-0.620927	0.661724	-0.000114	-0.001281	-0.000955	0	0	0	-1.218814
0.141206	0.033326	0.429477	-0.507172	0.500439	-0.701701	-0.628848	-0.771581	-0.095836	-0.588755	0.392031	0.706899	0.000122	0.00087	0.000336	0	0	0	-1.407651	-0.200803	0.005838	0.354667	0.69397	0.251528	0.674633	-0.585267	0.742675	0.325315	-0.420062	-0.620912	0.661724	-6.5e-05	-0.000733	-0.000547	0	0	0	-1.215658
0.141205	0.033346	0.429444	-0.507132	0.500455	-0.701717	-0.628803	-0.771605	-0.095936	-0.588836	0.391963	0.706869	-0.000165	-0.001176	-0.000454	0	0	0	-1.407152	-0.200816	0.005803	0.354642	0.693875	0.251575	0.674713	-0.585351	0.742641	0.325242	-0.420102	-0.620934	0.661678	-4.9e-05	-0.000548	-0.000408	0	0	0	-1.211925
0.141197	0.033347	0.429445	-0.507272	0.500356	-0.701687	-0.628726	-0.771683	-0.095818	-0.588799	0.391936	0.706915	5.9e-05	0.000423	0.000163	0	0	0	-1.404917	-0.200819	0.005761	0.35461	0.693783	0.251619	0.674792	-0.585432	0.742608	0.325171	-0.420141	-0.620956	0.661633	-5.3e-05	-0.000589	-0.000439	0	0	0	-1.211465
0.14119	0.033357	0.429459	-0.507272	0.500361	-0.701683	-0.628743	-0.771671	-0.095803	-0.58878	0.391953	0.706921	0.000223	0.001588	0.000613	0	0	0	-1.407887	-0.200811	0.005755	0.354592	0.693781	0.251621	0.674793	-0.585423	0.742623	0.325152	-0.420157	-0.620936	0.661642	-5.9e-05	-0.00066	-0.000493	0	0	0	-1.211536
0.14116	0.033386	0.429483	-0.50718	0.500439	-0.701695	-0.628814	-0.771605	-0.095871	-0.588784	0.391985	0.7069	0.000206	0.001469	0.000567	0	0	0	-1.408444	-0.200818	0.005805	0.354618	0.695945	0.251224	0.672709	-0.584288	0.74256	0.32733	-0.418152	-0.621172	0.66269	0.00014	0.001566	0.001169	-0	-0	0	-1.21142
0.14114	0.033372	0.429478	-0.507255	0.500388	-0.701676	-0.628773	-0.771646	-0.095809	-0.588763	0.391969	0.706927	-4e-05	-0.000283	-0.000109	0	0	0	-1.408207	-0.200803	0.005854	0.354654	0.69607	0.251163	0.672603	-0.584177	0.742606	0.327426	-0.418099	-0.621142	0.662751	8.3e-05	0.000932	0.000695	0	0	0	-1.209893
0.141164	0.033367	0.429454	-0.5072	0.500416	-0.701696	-0.628769	-0.77164	-0.095885	-0.588815	0.391945	0.706897	-4.5e-05	-0.000323	-0.000125	0	0	0	-1.408768	-0.200783	0.005861	0.354658	0.696121	0.251137	0.67256	-0.584131	0.742624	0.327466	-0.418078	-0.621131	0.662775	0.013341	-0.000345	-0.001112	0.002045	-0.015205	0.029245	-1.211813
0.141182	0.033365	0.429453	-0.507159	0.500441	-0.701707	-0.62879	-0.771618	-0.095918	-0.588827	0.391955	0.706881	-1e-06	-5e-06	-2e-06	0	0	0	-1.410215	-0.200784	0.005862	0.354646	0.696117	0.251141	0.672563	-0.584125	0.742639	0.327445	-0.418094	-0.621112	0.662782	-3e-06	-3.3e-05	-2.5e-05	0	0	0	-1.21169
0.141225	0.033353	0.429456	-0.507071	0.500498	-0.701731	-0.628853	-0.771561	-0.095969	-0.588836	0.391995	0.706851	-0	-0	-0	0	0	0	-1.411813	-0.200786	0.005872	0.354616	0.696121	0.251144	0.672558	-0.584091	0.742688	0.327393	-0.418136	-0.621051	0.662813	-4.2e-05	-0.000475	-0.000354	0	0	0	-1.208492
0.141226	0.033361	0.42946	-0.507054	0.500511	-0.701734	-0.628863	-0.771551	-0.095984	-0.588841	0.391999	0.706845	0	1e-06	0	0	0	0	-1.411513	-0.200823	0.005897	0.354524	0.696063	0.251188	0.672601	-0.58405	0.742812	0.327185	-0.418289	-0.620886	0.662871	-9.4e-05	-0.001051	-0.000785	0	0	0	-1.200861
0.141226	0.033369	0.429452	-0.50704	0.500518	-0.701739	-0.628854	-0.771554	-0.096013	-0.588862	0.391982	0.706837	0	0	0	0	0	0	-1.412466	-0.200838	0.005903	0.354467	0.696026	0.251214	0.672629	-0.584032	0.742879	0.327066	-0.418376	-0.620795	0.662901	-0.00015	-0.001678	-0.001252	0	0	0	-1.197845
0.141216	0.033368	0.429442	-0.507063	0.5005	-0.701735	-0.628825	-0.771578	-0.096011	-0.588873	0.391958	0.706841	-3.8e-05	-0.000272	-0.000105	0	0	0	-1.411937	-0.200857	0.005914	0.354351	0.695969	0.251258	0.672672	-0.583979	0.743019	0.326841	-0.418544	-0.62061	0.662969	-0.00015	-0.001678	-0.001253	0	0	0	-1.162279
0.141209	0.033392	0.429431	-0.507038	0.500514	-0.701743	-0.628806	-0.771587	-0.096067	-0.588915	0.391924	0.706825	3.2e-05	0.000232	8.9e-05	0	0	0	-1.40977	-0.200875	0.005908	0.354259	0.70003	0.250595	0.668694	-0.581862	0.742881	0.330904	-0.4147	-0.621041	0.664977	-0.000169	-0.001888	-0.001411	-0	-0	0	-1.065155
0.141211	0.033492	0.429326	-0.506958	0.50053	-0.70179	-0.628618	-0.771703	-0.096368	-0.589184	0.391677	0.706738	0.000137	0.009534	-0.010017	0.035714	-0.01217	0.018652	-1.405384	-0.20096	0.005943	0.354078	0.704089	0.249945	0.664663	-0.579602	0.742908	0.334786	-0.410974	-0.62127	0.667073	-0.000382	-0.004258	-0.003185	0.010181	-0.083157	0.147993	-0.906929
0.141205	0.033601	0.429225	-0.506882	0.500545	-0.701834	-0.628428	-0.771819	-0.096667	-0.589451	0.391427	0.706653	-0.011206	0.011939	-0.008566	0.034728	0.002536	-0.010905	-1.406148	-0.201128	0.006038	0.353846	0.707728	0.247085	0.661862	-0.577136	0.742388	0.340157	-0.408183	-0.62303	0.667145	-0.001527	0.014518	-0.022496	0.054888	-0.012668	0.032239	-0.785767
0.141183	0.03389	0.428926	-0.508709	0.499522	-0.701241	-0.628035	-0.772386	-0.094674	-0.588295	0.391617	0.707512	0.00014	0.009549	-0.010003	-0.014617	0.018312	-0.027151	-1.409274	-0.201975	0.006546	0.35285	0.719178	0.243152	0.650885	-0.569551	0.742711	0.352031	-0.39871	-0.624186	0.671777	-0.029248	0.019636	-0.033656	0.071965	-0.033488	0.023463	-0.608307
0.14113	0.034413	0.428475	-0.510859	0.496084	-0.702118	-0.627706	-0.773248	-0.089699	-0.58678	0.394279	0.707291	0.000543	0.020938	-0.019278	0.009522	-0.262918	-0.054067	-1.420372	-0.203772	0.007636	0.351058	0.732978	0.231622	0.639597	-0.557565	0.743038	0.370066	-0.390435	-0.628155	0.672938	-0.057477	0.034689	-0.054087	-0.839672	-1.736329	2.017875	-0.593077
0.141098	0.034754	0.428198	-0.512029	0.495536	-0.701652	-0.62767	-0.773441	-0.088271	-0.585798	0.394588	0.707932	0.000722	0.022198	-0.01878	0.071685	-0.038619	0.062662	-1.438326	-0.205161	0.008553	0.349827	0.740767	0.21906	0.635034	-0.545973	0.74693	0.379398	-0.392131	-0.628027	0.67207	-0.071551	0.056853	-0.069936	0.003874	0.011337	0.392184	-0.5954
0.141007	0.035544	0.427586	-0.511663	0.484837	-0.709352	-0.622107	-0.778458	-0.083412	-0.592012	0.398006	0.700813	0.000923	0.023581	-0.018223	3.887359	0.01464	-3.968007	-1.488214	-0.208441	0.011002	0.347086	0.75664	0.201933	0.62186	-0.5282	0.749177	0.399589	-0.386129	-0.631061	0.672703	-0.09821	0.069399	-0.075452	-0.106658	0.486276	0.398559	-0.596305
0.140923	0.036406	0.426972	-0.513257	0.470718	-0.717662	-0.617116	-0.783496	-0.072623	-0.595838	0.405016	0.693518	0.00081	0.014233	-0.008161	-0.201407	-0.203105	-0.253222	-1.533742	-0.212589	0.013907	0.343766	0.776073	0.187018	0.602268	-0.507057	0.7527	0.419845	-0.37577	-0.631445	0.678187	-0.112302	0.073712	-0.088112	-0.189666	-0.340664	0.991257	-0.593984
0.140878	0.037191	0.42648	-0.517405	0.451518	-0.726958	-0.609369	-0.79078	-0.057519	-0.600198	0.412659	0.685202	0.001026	0.015739	-0.007577	4.004538	0.113129	-3.818171	-1.546826	-0.217288	0.016779	0.33997	0.789898	0.175858	0.587475	-0.489424	0.757816	0.431408	-0.370311	-0.628509	0.683893	-0.126905	0.075336	-0.103071	0.287806	-0.047559	0.177413	-0.497452
0.140845	0.037526	0.426295	-0.517088	0.444809	-0.731307	-0.610613	-0.790389	-0.049069	-0.599207	0.420616	0.68122	0.001037	0.015808	-0.007548	-0.184857	-0.290503	-0.048932	-1.546155	-0.219649	0.018198	0.337891	0.798754	0.169984	0.577139	-0.478735	0.760392	0.438806	-0.365253	-0.627003	0.687983	-0.114255	0.082195	-0.115376	0.044322	-0.591699	0.815565	-0.351901
0.140766	0.038131	0.426042	-0.52451	0.424771	-0.737905	-0.593332	-0.803892	-0.041082	-0.61	0.415742	0.6746	0.000874	0.006163	0.002351	4.057373	0.015395	-3.567198	-1.542198	-0.224196	0.020877	0.333214	0.81119	0.166651	0.560526	-0.462899	0.768526	0.441617	-0.358191	-0.617908	0.699823	-0.103292	0.067468	-0.128258	0.388486	-0.153747	0.107485	-0.148811
0.140626	0.038577	0.425884	-0.526745	0.411482	-0.74382	-0.587493	-0.808604	-0.031351	-0.613708	0.419959	0.668599	0.000724	0.01354	-0.008412	-0.025644	-0.1633	-0.254987	-1.465478	-0.227909	0.022978	0.327967	0.81534	0.167674	0.554164	-0.454822	0.77757	0.434115	-0.359124	-0.606203	0.709514	-0.09292	0.052388	-0.14223	0.379008	-0.049892	-0.056981	-0.025931
0.140508	0.038736	0.425839	-0.536452	0.3952	-0.745709	-0.572145	-0.819815	-0.022953	-0.619753	0.413844	0.666833	-0.010707	0.014591	-0.007485	-0.07896	-0.502389	-0.18337	-1.315718	-0.229276	0.023771	0.32525	0.815633	0.171132	0.552674	-0.453364	0.782325	0.427038	-0.360304	-0.59908	0.714945	-0.054454	0.032372	-0.144165	0.437635	-0.083185	-0.268636	0.003715
0.140073	0.039014	0.425793	-0.577318	0.331744	-0.74612	-0.508762	-0.860823	0.010845	-0.637967	0.385441	0.666678	-0.022372	0.00548	0.003137	-0.214356	0.12319	-1.270774	-0.858332	-0.23099	0.024948	0.319174	0.819122	0.159616	0.550957	-0.430558	0.805571	0.40695	-0.379897	-0.570759	0.727857	-0.016294	0.022158	-0.156585	0.495268	-0.166297	-0.241762	0.071105
0.13947	0.039345	0.425766	-0.61145	0.238438	-0.754533	-0.420636	-0.905567	0.054634	-0.669499	0.350488	0.654947	-0.010774	0.005494	0.002614	0.996719	-0.830824	-2.073263	-0.561182	-0.231133	0.025641	0.312956	0.820445	0.143148	0.553507	-0.397886	0.838037	0.373247	-0.411449	-0.526641	0.743788	0.009612	0.01633	-0.165275	4.618351	3.674383	2.099645	0.106604
0.139118	0.03957	0.425737	-0.620403	0.189389	-0.761103	-0.375376	-0.923732	0.076056	-0.687884	0.332644	0.645128	-0.021819	0.01737	-0.005896	1.053237	-0.839468	-2.037756	-0.420569	-0.230719	0.025959	0.309683	0.81951	0.129547	0.558222	-0.375541	0.857063	0.352627	-0.433767	-0.49878	0.750285	0.02336	0.016717	-0.166813	0.783276	-0.238874	-0.155388	0.136271
0.138395	0.040071	0.425587	-0.612324	0.098113	-0.784525	-0.303954	-0.945215	0.118961	-0.729117	0.311174	0.609579	-0.010754	0.013742	-0.007797	-0.467236	-1.4988	-1.002903	-0.275369	-0.229192	0.026509	0.30343	0.813538	0.119309	0.569134	-0.345703	0.886108	0.308603	-0.468504	-0.447964	0.761377	0.03877	0.013602	-0.154655	0.715331	-0.738924	0.101994	0.2181
0.137744	0.04048	0.425286	-0.587953	0.018796	-0.808705	-0.253091	-0.953807	0.161771	-0.767581	0.299761	0.56656	-0.011224	0.010509	-0.00901	3.990105	-2.401028	-3.955229	-0.214368	-0.227034	0.026581	0.297952	0.804744	0.115798	0.582211	-0.324778	0.906763	0.268761	-0.497803	-0.405523	0.766555	0.068323	1.9e-05	-0.134112	1.545271	1.46701	-1.21525	0.336367
0.137019	0.040878	0.424945	-0.559095	-0.055463	-0.827274	-0.196633	-0.960423	0.197216	-0.804781	0.272995	0.527095	-0.022827	0.010175	-0.008587	4.237283	-2.091851	-3.575398	-0.141281	-0.224721	0.025735	0.293856	0.799447	0.110817	0.59042	-0.294163	0.92907	0.224121	-0.524695	-0.352998	0.774565	0.057747	-0.03087	-0.091026	0.808776	-0.673538	-0.344943	0.452994
0.136626	0.041095	0.424752	-0.545092	-0.087276	-0.833848	-0.177752	-0.959926	0.216606	-0.818663	0.266391	0.508776	-0.022907	0.009621	-0.00879	-0.352606	-1.029606	-1.011775	-0.112676	-0.223523	0.025005	0.292296	0.792258	0.122377	0.597782	-0.295449	0.934037	0.200545	-0.534789	-0.335658	0.775369	0.059215	-0.047579	-0.070684	1.471534	1.680201	-1.521735	0.4876
0.135909	0.041616	0.424235	-0.519883	-0.145041	-0.841862	-0.145632	-0.95601	0.254578	-0.841109	0.255127	0.476942	-0.011383	0.017448	-0.019856	-0.29919	-0.879685	-0.630298	-0.085543	-0.221144	0.023461	0.289834	0.784764	0.147049	0.60209	-0.301641	0.93918	0.163972	-0.542331	-0.310488	0.780601	0.04845	-0.032437	-0.055604	0.279852	-0.134187	-0.36404	0.524617
0.135219	0.042251	0.423578	-0.498264	-0.189483	-0.846093	-0.129292	-0.948684	0.288536	-0.856733	0.25339	0.449254	-0.011303	0.017832	-0.019682	0.193759	-0.787757	-0.900041	-0.070657	-0.219028	0.022528	0.288375	0.78129	0.168599	0.600959	-0.309959	0.940452	0.139316	-0.542651	-0.295341	0.786236	0.052861	-0.007044	-0.029299	1.397931	2.137705	-1.68741	0.525586
0.134871	0.042624	0.42319	-0.488893	-0.205284	-0.847872	-0.126665	-0.944919	0.301755	-0.862512	0.255171	0.437022	-0.022659	0.019015	-0.018672	-0.238207	-0.735825	-0.535788	-0.051182	-0.217981	0.022252	0.28814	0.779175	0.179172	0.600645	-0.314026	0.94086	0.126897	-0.543351	-0.287728	0.788572	0.054701	-0.020278	-0.004298	0.328941	-0.30963	-0.419115	0.527084
0.13424	0.043348	0.422475	-0.469895	-0.241595	-0.849045	-0.105049	-0.939687	0.325463	-0.875886	0.24242	0.417235	-0.011164	0.018488	-0.019384	-0.225775	-0.584713	-0.655296	0.01182	-0.215719	0.021829	0.288442	0.772668	0.196269	0.6037	-0.32174	0.940829	0.106108	-0.548107	-0.276477	0.789304	0.057195	-0.016543	0.019103	0.074552	0.025292	-0.349022	0.532859
0.13375	0.043965	0.421906	-0.453846	-0.267911	-0.849878	-0.09664	-0.933319	0.345759	-0.885279	0.239381	0.398754	-0.011037	0.011123	-0.008692	-0.138681	-0.334776	-0.363489	0.050743	-0.213223	0.021518	0.289405	0.771091	0.213888	0.599717	-0.329836	0.939789	0.089106	-0.545502	-0.266796	0.794425	0.072656	-0.005303	0.030086	0.096038	-0.050043	-0.294281	0.533388
0.133308	0.044424	0.421588	-0.433755	-0.297953	-0.850368	-0.085096	-0.925991	0.367793	-0.896482	0.23226	0.377361	-0.010925	0.011718	-0.008457	-0.291855	-0.696342	-0.512168	0.090276	-0.210507	0.021391	0.290935	0.7702	0.228161	0.595589	-0.336657	0.938518	0.076017	-0.542579	-0.259355	0.798878	0.073859	-0.007474	0.046777	0.051973	-0.157363	-0.114917	0.534387
0.133084	0.044557	0.421519	-0.427625	-0.314105	-0.847655	-0.078589	-0.921233	0.380954	-0.90002	0.229907	0.370317	-0.011285	0.001538	0.001133	-0.202625	-0.481209	-0.457264	0.121312	-0.209067	0.021406	0.291806	0.770493	0.23452	0.592732	-0.339307	0.938023	0.070121	-0.540504	-0.255452	0.801538	0.073844	0.007477	0.042684	0.136501	-0.231232	-0.147717	0.534356
0.132609	0.044648	0.421527	-0.41134	-0.352061	-0.840772	-0.0551	-0.911118	0.408412	-0.909321	0.214755	0.356431	-0.011456	0.000521	0.000748	-0.197131	-0.346403	-0.392861	0.192782	-0.206286	0.021464	0.293725	0.77116	0.244694	0.587731	-0.343856	0.936986	0.061266	-0.536658	-0.249659	0.805935	0.073689	0.009885	0.044508	0.292605	-0.308861	-0.468245	0.534832
0.132271	0.044628	0.421566	-0.389252	-0.381406	-0.838486	-0.040444	-0.902311	0.429152	-0.919775	0.201429	0.336848	-0.000162	-0.000956	-0.000363	-0.331433	-0.683053	-0.496119	0.218135	-0.203722	0.021299	0.295762	0.771541	0.252735	0.583815	-0.348256	0.935728	0.055355	-0.533256	-0.246355	0.809203	0.059717	-0.002652	0.051059	0.019551	-0.112952	-0.117348	0.535038
0.132173	0.044623	0.421549	-0.38231	-0.391321	-0.837109	-0.041201	-0.897798	0.438444	-0.922656	0.202592	0.328161	-0.011521	0.000159	0.000612	-0.356618	-0.679596	-0.527919	0.2221	-0.202487	0.021118	0.29679	0.772986	0.260312	0.578552	-0.350962	0.935104	0.04837	-0.529371	-0.240778	0.813423	0.073237	-0.004071	0.048556	0.358336	-0.531469	-0.417331	0.534781
0.132101	0.044651	0.421492	-0.367602	-0.411529	-0.834001	-0.031521	-0.890752	0.453363	-0.929007	0.193452	0.315513	-6.7e-05	-0.000397	-0.000151	-0.123796	-0.172569	-0.285095	0.226065	-0.200017	0.020596	0.298827	0.776508	0.274591	0.567121	-0.355807	0.93386	0.035216	-0.520903	-0.229488	0.822106	0.058826	-0.008037	0.045013	0.238209	-0.362335	-0.354797	0.535247
0.132124	0.044732	0.42135	-0.353515	-0.427566	-0.832022	-0.022294	-0.885342	0.464375	-0.934739	0.183239	0.304489	-0.000414	-0.00244	-0.000927	-0.115295	-0.137112	-0.301803	0.219664	-0.197733	0.019782	0.300588	0.782024	0.283379	0.555091	-0.349573	0.936762	0.014468	-0.516856	-0.205728	0.830903	0.05853	-0.026685	0.045151	0.249468	-0.511922	-0.245044	0.535281
0.132241	0.044874	0.421106	-0.342044	-0.437308	-0.831753	-0.012793	-0.882883	0.469388	-0.939186	0.17173	0.29743	0.011474	0.007516	-0.011142	-0.090777	-0.297149	-0.06249	0.203885	-0.195687	0.018366	0.302145	0.778894	0.302186	0.549545	-0.351214	0.93611	-0.016753	-0.520461	-0.180353	0.83454	0.043813	-0.039183	0.033768	0.26964	-0.285908	-0.50035	0.535858
0.132317	0.044965	0.420965	-0.339517	-0.438473	-0.832175	-0.013214	-0.882408	0.470269	-0.940099	0.1712	0.294839	0.011438	0.007312	-0.011216	-0.070761	-0.255024	-0.045376	0.188949	-0.194789	0.017502	0.302701	0.775148	0.310491	0.550211	-0.350359	0.93595	-0.034368	-0.526599	-0.166536	0.83356	0.04334	-0.046467	0.02667	0.819486	0.142073	-0.901423	0.535759
0.132456	0.045152	0.420717	-0.337674	-0.440978	-0.831601	-0.012928	-0.88123	0.472481	-0.940769	0.170839	0.292907	-8e-06	-5e-05	-1.9e-05	-0.017599	-0.037308	-0.015333	0.150642	-0.193522	0.015913	0.303311	0.764955	0.320152	0.558872	-0.345593	0.936226	-0.063086	-0.544373	-0.145302	0.82608	0.028645	-0.042352	0.012924	0.233835	-0.091447	-0.862978	0.535692
0.132464	0.045331	0.420563	-0.337268	-0.440391	-0.832077	-0.012611	-0.881662	0.471683	-0.940919	0.170119	0.292842	0.000349	0.010013	-0.00963	0.0355	-0.013767	0.017932	0.134611	-0.192665	0.014875	0.303488	0.759906	0.325426	0.562701	-0.344401	0.935718	-0.075848	-0.552151	-0.136582	0.822397	0.013998	-0.017064	0.001094	0.251764	0.170485	0.045893	0.535626
0.13245	0.045378	0.420532	-0.336944	-0.439806	-0.832517	-0.012705	-0.882009	0.471031	-0.941034	0.16983	0.292641	3.9e-05	0.000233	8.9e-05	-0	-0	-0	0.128408	-0.192318	0.01467	0.30353	0.759468	0.32593	0.563001	-0.340058	0.936671	-0.083323	-0.555442	-0.128598	0.821469	0.013806	-0.000777	-0.001733	0.043669	0.139989	-0.340761	0.534934
0.132409	0.045392	0.420539	-0.336415	-0.438771	-0.833276	-0.013083	-0.882579	0.469951	-0.941219	0.169541	0.292214	0.000274	0.001625	0.000618	0.001107	-0.011426	0.026434	0.113771	-0.191636	0.014698	0.303566	0.756	0.341529	0.558402	-0.348597	0.932107	-0.097935	-0.554871	-0.121064	0.822998	0.014068	0.003144	0.0021	0.29915	-0.339962	-0.436875	0.535313
0.132375	0.045345	0.420603	-0.336068	-0.438021	-0.833811	-0.013551	-0.882953	0.469235	-0.941337	0.169534	0.291839	-0.000301	-0.009723	0.009741	-0.035504	0.013765	-0.017932	0.097308	-0.191059	0.014962	0.303614	0.757963	0.350574	0.550074	-0.353891	0.929397	-0.104479	-0.548801	-0.115932	0.827792	0.014146	0.004583	0.003497	0.228391	-0.246305	-0.364306	0.534956
0.132365	0.045324	0.420626	-0.335706	-0.437293	-0.834339	-0.01389	-0.883338	0.4685	-0.941461	0.169406	0.291511	0	0	0	-0	-0	-0	0.097625	-0.190703	0.015256	0.30365	0.7589	0.356075	0.545227	-0.358287	0.927449	-0.106785	-0.544631	-0.114772	0.830703	-0.000295	0.015724	-0.003381	0.047135	0.071484	-0.168752	0.535431
0.132365	0.045331	0.420609	-0.337933	-0.435726	-0.83426	-0.013173	-0.884122	0.467041	-0.940672	0.169354	0.294077	-7e-06	-3.9e-05	-1.5e-05	0.004732	0.010175	0.004191	0.100086	-0.190583	0.015374	0.30373	0.761592	0.354186	0.542698	-0.354966	0.928619	-0.107703	-0.543047	-0.111075	0.832241	0.014167	0.005263	0.004144	0.010415	-0.027132	0.020009	0.535228
0.132399	0.045341	0.420591	-0.340444	-0.433627	-0.834333	-0.018394	-0.884088	0.466928	-0.939676	0.174843	0.294049	-0	-0	-0	-4.610961	2.580492	1.625072	0.10294	-0.190376	0.015636	0.304027	0.76089	0.357237	0.541683	-0.356737	0.927618	-0.110446	-0.54287	-0.109667	0.832544	0.000545	0.008718	0.008485	0.002018	-0.017395	0.022898	0.534889
0.132484	0.04533	0.420582	-0.345148	-0.428839	-0.834874	-0.029141	-0.884204	0.466161	-0.937682	0.185752	0.293728	-0	-0	-0	-8e-06	5e-06	3e-06	0.096838	-0.190135	0.015941	0.304546	0.762036	0.358166	0.539453	-0.356704	0.92748	-0.111698	-0.54128	-0.107774	0.833825	0.000798	0.012965	0.012562	0.001791	-0.017056	0.02316	0.534673
0.132511	0.04535	0.420568	-0.344967	-0.42853	-0.835107	-0.029211	-0.884382	0.465818	-0.937746	0.185614	0.293609	0.000398	0.010309	-0.009517	0.035505	-0.013754	0.017937	0.093064	-0.190019	0.016132	0.304892	0.762748	0.357317	0.53901	-0.356081	0.927809	-0.110957	-0.540688	-0.107764	0.83421	0.015309	0.003929	0.021418	-0.030971	-0.03546	0.059417	0.534451
0.132536	0.045383	0.420519	-0.344585	-0.427883	-0.835597	-0.029313	-0.884765	0.465085	-0.937884	0.185282	0.293379	-6.3e-05	-0.000376	-0.000143	0	0	0	0.073421	-0.189894	0.016564	0.305692	0.765144	0.355532	0.53679	-0.355717	0.928342	-0.107614	-0.53753	-0.109068	0.836079	0.00104	0.017222	0.016525	0.003311	-0.033668	0.046661	0.534422
0.132536	0.04539	0.420501	-0.349252	-0.423111	-0.836089	-0.039997	-0.884723	0.464367	-0.935756	0.196143	0.293113	-0	-1e-06	-1e-06	-4.620668	2.566337	1.619897	0.05616	-0.189863	0.01689	0.306492	0.76671	0.354715	0.535093	-0.356348	0.928438	-0.104657	-0.534872	-0.1109	0.837542	0.001491	0.003753	0.022056	-0.033015	-0.02021	0.030205	0.53451
0.132489	0.045428	0.420508	-0.350451	-0.418846	-0.837734	-0.045936	-0.885687	0.461974	-0.935034	0.200897	0.292198	5.8e-05	0.000345	0.000131	-0	0	0	0.060711	-0.189804	0.017116	0.307232	0.771173	0.352545	0.53009	-0.357498	0.928786	-0.097401	-0.527632	-0.114852	0.841592	0.001402	0.002361	0.02066	-0.563475	-0.598651	0.297791	0.534559
0.132457	0.045441	0.420515	-0.350488	-0.4189	-0.837691	-0.045913	-0.885658	0.462033	-0.935021	0.200914	0.292226	2.1e-05	0.000127	4.8e-05	0	0	0	0.067335	-0.189789	0.017191	0.307607	0.771576	0.352067	0.529822	-0.357348	0.928921	-0.096649	-0.527143	-0.115218	0.841848	0.001389	0.002166	0.020443	-0.033013	-0.020166	0.030237	0.534918
0.132395	0.045432	0.420515	-0.350462	-0.418834	-0.837735	-0.045937	-0.885692	0.461965	-0.93503	0.200899	0.292209	-0.011329	0.001234	0.001019	-0.000984	0.014715	-0.029553	0.076151	-0.18971	0.017298	0.308339	0.772467	0.350992	0.529236	-0.356965	0.929235	-0.095034	-0.526096	-0.115965	0.842401	0.001359	0.001745	0.019986	-0.033011	-0.020134	0.03026	0.534666
0.132394	0.045425	0.420522	-0.352717	-0.417309	-0.837549	-0.045281	-0.886406	0.460658	-0.934211	0.200921	0.294802	-0	-0	-0	0.00245	0.005318	0.002194	0.084479	-0.189567	0.017454	0.309248	0.773333	0.349921	0.528681	-0.356726	0.929513	-0.093201	-0.524985	-0.116974	0.842954	0.001719	0.008022	0.025782	-0.031347	-0.036812	0.053703	0.534585
0.132387	0.045441	0.420519	-0.35271	-0.417301	-0.837557	-0.04526	-0.886416	0.460641	-0.934215	0.200894	0.294808	5.4e-05	0.00032	0.000122	3.6e-05	7.8e-05	3.2e-05	0.090973	-0.189497	0.01754	0.309833	0.773749	0.3494	0.528417	-0.356743	0.929617	-0.092093	-0.524359	-0.117707	0.843241	0.001861	0.01059	0.028104	-0.031345	-0.036764	0.053737	0.534744
0.132369	0.045435	0.420517	-0.35268	-0.417242	-0.837599	-0.045282	-0.886447	0.460579	-0.934225	0.200879	0.294785	-2.4e-05	-0.000142	-5.4e-05	0	0	0	0.09635	-0.189457	0.017555	0.311202	0.774214	0.348796	0.528135	-0.357539	0.929559	-0.089561	-0.523128	-0.119944	0.843691	0.00242	-0.001108	0.035299	-0.069339	-0.006739	0.013761	0.535046
0.132358	0.04542	0.420512	-0.352647	-0.417182	-0.837642	-0.045305	-0.886479	0.460515	-0.934236	0.200863	0.294761	-8e-06	-4.7e-05	-1.8e-05	0	0	0	0.09713	-0.189549	0.017278	0.312715	0.774307	0.348639	0.528101	-0.359169	0.92921	-0.086606	-0.521868	-0.123072	0.844021	0.002927	-0.013775	0.041651	-0.104007	-0.010019	0.020697	0.534876
0.132357	0.045412	0.420509	-0.352595	-0.417088	-0.837711	-0.045342	-0.886529	0.460415	-0.934254	0.200837	0.294721	-9e-06	-5.4e-05	-2.1e-05	0	0	0	0.098646	-0.18963	0.016999	0.313486	0.774146	0.348803	0.528229	-0.36036	0.928894	-0.085029	-0.521284	-0.124982	0.8441	0.002775	-0.016389	0.039224	-0.105673	0.00654	-0.002834	0.535379
0.132347	0.04542	0.420492	-0.352533	-0.416992	-0.837785	-0.045331	-0.886591	0.460296	-0.934278	0.200761	0.294697	-2e-06	-1.1e-05	-4e-06	0	0	0	0.105022	-0.18978	0.016193	0.315018	0.774667	0.352704	0.524865	-0.364024	0.927402	-0.085709	-0.517949	-0.125126	0.84613	0.002583	-0.019665	0.036212	-0.047994	-0.075564	-0.063945	0.535283
