-0.003949	0.042846	0.005107	-0.662933	-0.746392	0.058462	0.732165	-0.630021	0.258856	-0.156376	0.214408	0.964144	-0.005458	0.007386	0.004212	-0.044441	-0.054881	0.003476	0.417899	0.117662	0.032955	-0.031047	-0.397461	0.770871	-0.497776	-0.818645	-0.542946	-0.187158	-0.414541	0.333114	0.84687	-9.5e-05	-0.001212	-0.000554	-0.001032	0.010456	-0.026831	-0.00949
-0.00414	0.04304	0.00539	-0.66317	-0.746522	0.053942	0.730654	-0.630072	0.262968	-0.162324	0.213805	0.963295	-0.005358	0.008805	0.00491	0.002662	-0.009225	0.021141	0.409898	0.117656	0.032931	-0.031058	-0.397445	0.770879	-0.497776	-0.818651	-0.542934	-0.187167	-0.414543	0.333117	0.846868	-3e-06	-5.2e-05	-2.3e-05	-2e-06	-4e-06	-8e-06	-0.008837
-0.004259	0.043134	0.005542	-0.662944	-0.746697	0.054282	0.730816	-0.629694	0.26342	-0.162514	0.214303	0.963152	-0.005136	0.002936	0.008927	-0.034731	-0.000248	0.00445	0.408592	0.117651	0.032928	-0.031059	-0.397488	0.770862	-0.497768	-0.818635	-0.542966	-0.187145	-0.414535	0.333103	0.846878	3e-06	3.8e-05	1.8e-05	-2e-06	7e-06	3e-06	-0.008673
-0.004517	0.043248	0.005836	-0.66105	-0.748571	0.051504	0.731954	-0.628228	0.263764	-0.16509	0.21206	0.96321	-0.00524	0.001021	0.007941	-0.049759	0.020672	-0.027962	0.407449	0.117647	0.032932	-0.031057	-0.397492	0.770862	-0.497766	-0.818634	-0.542968	-0.187144	-0.414533	0.3331	0.846879	3.4e-05	0.000418	0.000192	-0.007223	0.071998	-0.185256	-0.006551
-0.004795	0.043314	0.006147	-0.660867	-0.749145	0.045122	0.730086	-0.627797	0.269898	-0.173865	0.21131	0.96183	-0.01111	0.000764	0.008209	-0.034779	0.035787	-0.052068	0.405326	0.117647	0.032931	-0.031058	-0.397376	0.770911	-0.497782	-0.818679	-0.542879	-0.187207	-0.414556	0.333133	0.846855	-2e-05	-0.000239	-0.00011	-9e-06	-1e-05	4e-06	0.003737
-0.005058	0.043314	0.006446	-0.658446	-0.751654	0.038266	0.731001	-0.626598	0.270205	-0.179123	0.205888	0.962041	-0.005339	-0.000811	0.007001	0.083083	-0.082934	-0.087588	0.400917	0.117651	0.032926	-0.031055	-0.397368	0.770914	-0.497784	-0.818692	-0.542864	-0.187189	-0.414536	0.333149	0.846859	-1e-06	6e-06	4e-06	-2.5e-05	-9e-06	-6e-06	0.012554
-0.005166	0.043276	0.006603	-0.656774	-0.753167	0.037231	0.732507	-0.625474	0.26873	-0.179111	0.203767	0.962495	-0.005373	-0.001338	0.006735	-0.0045	-0.019618	-0.059351	0.398794	0.117651	0.032922	-0.031051	-0.397383	0.770908	-0.49778	-0.818698	-0.542866	-0.187158	-0.414511	0.333158	0.846868	-3e-06	4e-06	3e-06	-1.6e-05	-2.6e-05	-1e-05	0.014187
-0.005398	0.04314	0.006931	-0.651409	-0.75802	0.032723	0.737419	-0.622377	0.262409	-0.178545	0.195066	0.964401	-0.011234	-0.001402	0.007113	0.091628	-0.089853	-0.143671	0.387527	0.117647	0.03293	-0.031058	-0.397375	0.770911	-0.497782	-0.818679	-0.542878	-0.187207	-0.414556	0.333133	0.846855	-3e-06	4e-06	3e-06	-1.4e-05	-3.2e-05	-6e-06	0.017943
-0.005647	0.042948	0.007241	-0.645558	-0.763186	0.02828	0.742684	-0.618726	0.256119	-0.177969	0.186343	0.966231	-0.005515	-0.003439	0.005695	0.026957	-0.037582	-0.112399	0.381159	0.117651	0.032934	-0.031067	-0.397342	0.770922	-0.497792	-0.818669	-0.542872	-0.187268	-0.414607	0.333118	0.846836	-3.5e-05	-0.000397	-0.000181	-1.1e-05	-4e-06	5e-06	0.018596
-0.005784	0.04283	0.007393	-0.643337	-0.765103	0.027088	0.744603	-0.617089	0.254493	-0.177998	0.183895	0.966695	-0.005526	-0.003563	0.005634	0.463035	-0.395514	-0.21011	0.379853	0.117655	0.032936	-0.031077	-0.397309	0.770932	-0.497802	-0.818659	-0.542866	-0.187329	-0.414658	0.333103	0.846817	-1.2e-05	-0.000138	-6.3e-05	-1e-06	-3e-06	1.1e-05	0.01827
-0.00611	0.042607	0.007694	-0.638005	-0.769679	0.023316	0.749318	-0.613582	0.249075	-0.177402	0.176382	0.968203	-0.011337	-0.002748	0.006461	0.034046	-0.028055	-0.138055	0.378546	0.117662	0.032938	-0.031115	-0.397274	0.770937	-0.497822	-0.818593	-0.542907	-0.187499	-0.414821	0.333026	0.846768	-0.000114	0.004009	-0.005355	0.035811	-0.010266	0.0196	0.018433
-0.006474	0.042507	0.008018	-0.634243	-0.772821	0.021968	0.752515	-0.610561	0.24685	-0.177358	0.173094	0.968804	-0.011107	0.000288	0.007963	-0.06237	0.044081	-0.05797	0.37822	0.117672	0.032916	-0.031158	-0.397332	0.770903	-0.497829	-0.818503	-0.543009	-0.187596	-0.414945	0.332936	0.846742	-0.000112	-0.00142	-0.000653	-0.001039	0.010453	-0.026833	0.018759
-0.00686	0.042508	0.00842	-0.630641	-0.775797	0.020728	0.755532	-0.607626	0.244869	-0.177374	0.170085	0.969334	-0.010689	-0.002484	0.013567	-0.091485	0.053182	-0.068845	0.37724	0.117664	0.032877	-0.031176	-0.397396	0.770878	-0.497817	-0.818478	-0.543058	-0.187562	-0.414932	0.332916	0.846756	-5.3e-05	-0.000675	-0.000309	3e-06	-1e-06	5e-06	0.020066
-0.007052	0.042526	0.008642	-0.628912	-0.777219	0.019951	0.756967	-0.606265	0.243809	-0.177397	0.168437	0.969617	-0.010636	-0.001934	0.01383	-0.087841	0.048672	-0.076115	0.37724	0.117663	0.032857	-0.031179	-0.39749	0.770839	-0.497802	-0.818453	-0.543121	-0.18749	-0.414892	0.332903	0.846781	-4e-05	-0.000499	-0.000229	-1.3e-05	-3e-06	-7e-06	0.021862
-0.007415	0.042541	0.009128	-0.625472	-0.780028	0.01843	0.759743	-0.603488	0.242055	-0.177687	0.165401	0.970087	-0.0049	0.004182	0.009411	-0.037539	-0.002262	-0.01224	0.376914	0.117661	0.032836	-0.031189	-0.397453	0.770855	-0.497807	-0.818467	-0.543092	-0.18751	-0.414899	0.332913	0.846774	-5e-06	-6.8e-05	-3.2e-05	-4e-06	-2e-06	1e-06	0.025618
-0.007714	0.042498	0.009643	-0.621242	-0.783461	0.015663	0.763167	-0.600372	0.239015	-0.177855	0.16044	0.970889	-0.004818	-0.002698	0.013016	0.147499	-0.16712	-0.145767	0.377567	0.117662	0.032841	-0.031192	-0.397438	0.77086	-0.497811	-0.818462	-0.54309	-0.18754	-0.414924	0.332904	0.846764	1.3e-05	0.000152	7e-05	2e-06	1e-06	6e-06	0.030353
-0.007827	0.042458	0.009883	-0.619439	-0.784911	0.014452	0.764571	-0.599005	0.237955	-0.178117	0.158449	0.971168	-0.004874	-0.003424	0.012662	0.006224	-0.047878	-0.095069	0.37822	0.117662	0.032842	-0.031192	-0.397438	0.77086	-0.497811	-0.818462	-0.543091	-0.18754	-0.414924	0.332904	0.846765	0	1.3e-05	5e-06	-1.5e-05	-1.6e-05	-4e-06	0.033455
-0.008027	0.042416	0.010364	-0.615399	-0.788146	0.010422	0.767762	-0.596385	0.234234	-0.178395	0.152149	0.972124	-0.004875	0.004019	0.009274	-0.01288	-0.013799	-0.060161	0.377893	0.117662	0.032842	-0.031192	-0.397438	0.77086	-0.497811	-0.818462	-0.543091	-0.18754	-0.414924	0.332904	0.846765	-5e-06	7e-06	4e-06	-2.9e-05	-3.8e-05	-1.6e-05	0.038354
-0.008255	0.042457	0.010892	-0.611475	-0.791232	0.007005	0.770823	-0.593657	0.231089	-0.178687	0.146704	0.972907	-0.004505	0.000648	0.014569	0.097245	-0.138124	-0.101589	0.375607	0.117662	0.032846	-0.03119	-0.397418	0.770868	-0.497814	-0.818469	-0.543075	-0.187551	-0.414928	0.33291	0.846761	-3e-06	-3e-06	-1e-06	2e-06	-1.3e-05	5e-06	0.040804
-0.008504	0.042555	0.011437	-0.608504	-0.793535	0.004954	0.77302	-0.591338	0.229691	-0.179339	0.143597	0.97325	-0.004398	0.001659	0.015008	0.109488	-0.158811	-0.070183	0.373974	0.117662	0.032842	-0.031191	-0.397438	0.77086	-0.497811	-0.818462	-0.543091	-0.18754	-0.414924	0.332904	0.846765	-3e-06	-3.2e-05	-1.6e-05	-3e-06	3e-06	8e-06	0.046519
-0.008651	0.042609	0.011718	-0.60757	-0.794246	0.005549	0.773607	-0.59017	0.230715	-0.179969	0.144469	0.973004	-0.010246	0.001149	0.015168	-0.097261	0.13066	-0.217621	0.373484	0.117662	0.032846	-0.03119	-0.397418	0.770868	-0.497814	-0.818469	-0.543075	-0.18755	-0.414928	0.33291	0.846761	5e-06	5.1e-05	2.4e-05	9e-06	9e-06	1.3e-05	0.050438
-0.008903	0.042644	0.012252	-0.605075	-0.796146	0.005796	0.775364	-0.587595	0.23139	-0.180815	0.144502	0.972843	-0.010401	-0.000861	0.014214	-0.081427	0.047306	-0.066204	0.372668	0.117662	0.032846	-0.031189	-0.397418	0.770868	-0.497814	-0.818469	-0.543075	-0.18755	-0.414928	0.33291	0.846761	-0	-2e-06	-2e-06	-4e-06	8e-06	6e-06	0.0555
-0.009118	0.042593	0.012784	-0.601624	-0.798771	0.003591	0.777908	-0.584878	0.229731	-0.181402	0.141005	0.973247	-0.004617	-0.001232	0.013606	0.304675	-0.255477	-0.418993	0.372341	0.117662	0.032858	-0.031206	-0.397377	0.770882	-0.497826	-0.81844	-0.543081	-0.18766	-0.415024	0.33287	0.846729	-3.1e-05	-0.000401	-0.000186	6e-06	7e-06	1.5e-05	0.060399
-0.009221	0.042548	0.013061	-0.599233	-0.800573	0.001029	0.77974	-0.583347	0.227399	-0.181449	0.137067	0.9738	-0.004636	-0.001516	0.013472	-0.046064	-0.01592	-0.053383	0.372178	0.117656	0.032886	-0.031247	-0.397287	0.770911	-0.497853	-0.818363	-0.543105	-0.187928	-0.415262	0.332764	0.846654	-4.3e-05	-0.000555	-0.000255	-1e-06	0	1.2e-05	0.060888
-0.009388	0.042471	0.013598	-0.598759	-0.800918	-0.004107	0.7803	-0.584487	0.222498	-0.180603	0.130019	0.974924	-0.00471	-0.002424	0.01305	-0.000838	-0.045487	-0.102035	0.370055	0.117643	0.033045	-0.031524	-0.39685	0.771031	-0.498016	-0.817802	-0.543375	-0.189582	-0.416784	0.332043	0.84619	-0.000367	0.006199	-0.011543	0.070562	-0.010139	0.01234	0.046355
-0.009496	0.042369	0.014077	-0.605178	-0.796068	-0.005807	0.775525	-0.591177	0.221516	-0.179774	0.129553	0.975139	0.000928	-0.004131	0.011851	-0.084565	0.057484	0.121056	0.357319	0.117565	0.033416	-0.032166	-0.396398	0.768842	-0.501746	-0.815868	-0.545609	-0.191489	-0.420982	0.333453	0.843552	-0.006693	0.01407	-0.022068	-0.003173	-0.692535	-0.234973	-0.003938
-0.009606	0.04226	0.014491	-0.604602	-0.796514	-0.004608	0.775631	-0.590047	0.22414	-0.18125	0.131941	0.974545	-0.005112	0.000233	0.007383	-0.037516	0.015732	-0.01866	0.339193	0.117395	0.033941	-0.033083	-0.400103	0.757447	-0.515935	-0.808749	-0.556619	-0.189997	-0.431093	0.341244	0.83529	-0.000907	0.01546	-0.028784	0.083229	-0.473196	-0.129799	-0.038392
-0.009645	0.04221	0.014657	-0.604173	-0.796843	-0.003998	0.77585	-0.589385	0.225123	-0.181744	0.132911	0.974321	0.000716	-0.006437	0.010815	-0.070999	0.012185	-0.007008	0.334131	0.11729	0.034236	-0.03365	-0.400066	0.750358	-0.526221	-0.805974	-0.561387	-0.18775	-0.436294	0.349009	0.82936	-0.001061	0.013515	-0.029664	0.088088	-0.343361	-0.295375	-0.042964
-0.009674	0.04215	0.014886	-0.61267	-0.790335	-0.002193	0.76945	-0.597108	0.226732	-0.180504	0.137225	0.973954	0.00044	-0.002341	0.005802	-0.047437	0.101789	-0.123989	0.330702	0.116964	0.034813	-0.035016	-0.402264	0.728868	-0.554016	-0.797925	-0.575817	-0.178185	-0.448885	0.370386	0.813212	-0.013824	0.017195	-0.041866	0.032552	-0.849214	-0.58827	-0.038719
-0.009675	0.042123	0.015034	-0.610698	-0.791857	-0.002989	0.771059	-0.595508	0.225471	-0.18032	0.13539	0.974244	0.000207	0.002243	0.001	-0.022737	0.085083	-0.158496	0.335438	0.116486	0.035292	-0.03665	-0.403747	0.702594	-0.58596	-0.78783	-0.592613	-0.167729	-0.465093	0.393917	0.79279	-0.008314	0.010505	-0.045269	0.643159	-1.573665	-0.280941	-0.028922
-0.009662	0.042108	0.015088	-0.609429	-0.792828	-0.004252	0.772125	-0.594716	0.223907	-0.180048	0.133173	0.974601	0.00607	-0.003997	0.004639	0.023025	0.01939	-0.21152	0.338867	0.116191	0.035461	-0.037562	-0.403369	0.688334	-0.6029	-0.783267	-0.600368	-0.161402	-0.47306	0.407127	0.781319	-0.014675	0.008089	-0.04627	0.045283	-0.829976	-0.412989	-0.02141
-0.00964	0.042075	0.015196	-0.611468	-0.791254	-0.004807	0.771443	-0.597488	0.218822	-0.176016	0.130094	0.975752	0.000135	0.001471	0.000655	-0.010992	0.004345	-0.016709	0.340173	0.115496	0.035635	-0.039316	-0.394053	0.661371	-0.638207	-0.774452	-0.612859	-0.156928	-0.49492	0.432423	0.7537	-0.021234	0.004677	-0.047903	0.2179	-1.085888	-0.190264	0.000144
-0.009638	0.042053	0.015315	-0.609227	-0.792954	-0.008064	0.773261	-0.59629	0.215648	-0.175808	0.125144	0.976437	0.000149	0.001616	0.000718	-0.017667	0.013391	-0.005474	0.334785	0.114536	0.035668	-0.04109	-0.382274	0.632299	-0.673842	-0.76628	-0.624452	-0.15124	-0.516411	0.458536	0.72323	-0.027774	-0.002115	-0.044104	-0.098448	-1.264466	-0.569884	0.032476
-0.009641	0.042034	0.015431	-0.607885	-0.793969	-0.009374	0.774319	-0.595371	0.214388	-0.175798	0.123065	0.976703	0.000189	0.00205	0.000909	-0.012919	0.009692	-0.004701	0.331029	0.113347	0.035563	-0.042831	-0.366132	0.607604	-0.704814	-0.760325	-0.632014	-0.149876	-0.536518	0.481014	0.693378	-0.034448	-0.003747	-0.045101	-0.045533	-1.275213	-0.185769	0.058766
-0.009645	0.042029	0.01548	-0.6078	-0.794037	-0.009119	0.774342	-0.595191	0.214802	-0.175989	0.123496	0.976614	0.000139	0.001513	0.000672	-0.003084	0.002796	0.001149	0.330376	0.112662	0.035462	-0.043699	-0.357283	0.596596	-0.718624	-0.758309	-0.634469	-0.149718	-0.545267	0.491447	0.679089	-0.034761	-0.004855	-0.045895	-0.042775	-1.268544	-0.220938	0.062031
-0.009658	0.04199	0.015546	-0.611959	-0.790847	-0.008125	0.77123	-0.598993	0.215431	-0.17524	0.125569	0.976484	0.000165	-0.005309	0.004487	-0.048863	0.101921	-0.193509	0.329396	0.111053	0.035201	-0.045423	-0.342956	0.577606	-0.740777	-0.755808	-0.637958	-0.147521	-0.557795	0.509292	0.655351	-0.047788	-0.009706	-0.041208	0.071955	-0.500283	-0.183257	0.05452
-0.009693	0.041951	0.015567	-0.611315	-0.791352	-0.007405	0.77177	-0.598205	0.215688	-0.175114	0.126139	0.976433	-4.9e-05	-0.000505	-0.000221	-0.012528	0.089534	-0.176509	0.326783	0.109105	0.034893	-0.047117	-0.330597	0.5632	-0.757304	-0.753274	-0.640887	-0.147785	-0.56858	0.521601	0.636119	-0.054699	-0.004963	-0.046431	0.136156	-0.497689	0.022019	0.037048
-0.009706	0.041941	0.015574	-0.610991	-0.791606	-0.007051	0.772046	-0.597816	0.215777	-0.175025	0.126394	0.976416	-2e-06	-1.2e-05	-4e-06	-0.012533	0.089496	-0.176643	0.326293	0.108009	0.034717	-0.047957	-0.326087	0.558174	-0.762959	-0.75182	-0.642394	-0.148644	-0.57309	0.525138	0.629123	-0.055218	-0.010432	-0.042316	0.065242	-0.660611	-0.083613	0.027087
-0.009752	0.041913	0.015617	-0.609124	-0.793034	-0.008005	0.773625	-0.596377	0.214099	-0.174561	0.12422	0.976778	0.000256	-0.004346	0.004916	-0.041833	0.005213	0.007347	0.321721	0.105573	0.034318	-0.049661	-0.320341	0.549065	-0.771951	-0.74815	-0.646497	-0.149369	-0.581078	0.529687	0.617883	-0.062463	-0.010416	-0.042861	0.16717	-0.157483	0.123274	0.013044
-0.009854	0.041848	0.015719	-0.606399	-0.795093	-0.010299	0.775895	-0.594491	0.211106	-0.173972	0.120024	0.977408	-0.005716	0.00072	0.000747	0.173473	-0.149569	-0.112672	0.312577	0.103135	0.033955	-0.051321	-0.315653	0.539821	-0.780355	-0.747174	-0.648333	-0.146262	-0.584886	0.536894	0.607989	-0.063212	-0.009478	-0.043043	0.05148	-0.463075	-0.508348	0.008799
-0.009915	0.041782	0.015803	-0.605576	-0.795719	-0.010387	0.776489	-0.593697	0.211159	-0.17419	0.119808	0.977396	0.000196	-0.004912	0.004668	0.349613	-0.358411	-0.23907	0.310617	0.101887	0.0338	-0.052157	-0.315977	0.53316	-0.784791	-0.744346	-0.652215	-0.1434	-0.588308	0.538846	0.60294	-0.063381	-0.007845	-0.042421	0.145766	-0.142343	-0.092626	0.005696
-0.010051	0.041571	0.016007	-0.605566	-0.795659	-0.01465	0.776822	-0.595025	0.206135	-0.172731	0.113448	0.978413	0.000161	-0.005238	0.00453	0.373969	-0.369934	-0.185072	0.309638	0.099399	0.033575	-0.053816	-0.309492	0.515223	-0.799224	-0.745936	-0.652809	-0.131979	-0.589739	0.555324	0.586362	-0.057089	-0.004606	-0.04121	-0.021751	-0.811534	-0.624349	0.007492
-0.010225	0.04131	0.016291	-0.600718	-0.799231	-0.019127	0.780629	-0.591562	0.201671	-0.172497	0.106216	0.979266	-0.005423	-0.003093	0.005915	0.124023	-0.140834	-0.113287	0.308168	0.097165	0.033475	-0.055372	-0.301658	0.492225	-0.816526	-0.744764	-0.656353	-0.120523	-0.595255	0.571763	0.564585	-0.05685	0.003862	-0.044215	0.01527	-0.946149	-0.42138	0.021699
-0.010407	0.041084	0.016659	-0.601136	-0.798807	-0.023287	0.780411	-0.593067	0.198064	-0.172025	0.10089	0.979912	-0.005222	-0.001033	0.006834	-0.025864	-0.001302	-0.057752	0.305229	0.094969	0.033446	-0.056875	-0.29276	0.464914	-0.83555	-0.740594	-0.662985	-0.109407	-0.604823	0.586774	0.538408	-0.050943	-0.00447	-0.034481	-0.006696	-0.71996	-0.321618	0.025617
-0.010488	0.041002	0.016851	-0.598745	-0.800596	-0.023433	0.782867	-0.591164	0.194017	-0.169182	0.097822	0.980717	-0.00522	-0.001015	0.006841	0.340052	0.030991	-0.193679	0.304086	0.093882	0.033441	-0.057572	-0.287951	0.451882	-0.844325	-0.738803	-0.66579	-0.104367	-0.609305	0.593738	0.525567	-0.056991	0.003405	-0.037387	-0.026809	-0.976387	-0.473689	0.027577
-0.010653	0.04089	0.017201	-0.596497	-0.802243	-0.024409	0.784419	-0.589144	0.193894	-0.169931	0.09651	0.980718	-0.005147	-0.000326	0.007143	-0.050598	0.025687	-0.027224	0.305229	0.091773	0.033373	-0.05881	-0.277547	0.428572	-0.859821	-0.736175	-0.669908	-0.096276	-0.617262	0.606258	0.501435	-0.050738	-0.003839	-0.026774	-0.002014	-0.570327	-0.20743	0.037211
-0.010798	0.040828	0.01749	-0.599325	-0.800126	-0.024642	0.782301	-0.591946	0.193919	-0.169746	0.096944	0.980707	0.0005	-0.001782	0.006074	-0.040327	0.016039	-0.015484	0.305882	0.089892	0.033212	-0.059748	-0.268777	0.411951	-0.870663	-0.73468	-0.672245	-0.091271	-0.622898	0.615128	0.483337	-0.044273	-0.006902	-0.021204	-0.020679	-0.489983	-0.186784	0.042763
-0.010866	0.040822	0.017601	-0.598965	-0.80041	-0.024149	0.782521	-0.591448	0.194548	-0.170001	0.097631	0.980595	-0.005403	0.003857	0.002118	-0.000819	0.00348	-0.001285	0.305555	0.088993	0.033089	-0.060119	-0.265101	0.40669	-0.874256	-0.734346	-0.672744	-0.090275	-0.624865	0.618075	0.476996	-0.044353	-0.010165	-0.015541	0.012382	-0.158017	0.002552	0.044723
-0.010963	0.040819	0.017772	-0.598076	-0.801105	-0.023108	0.783144	-0.590306	0.195509	-0.170263	0.098832	0.980429	0.000404	-0.002777	0.005639	-0.034557	-5.5e-05	0.009986	0.305066	0.087339	0.032735	-0.060644	-0.260886	0.40245	-0.877479	-0.734239	-0.672857	-0.090303	-0.626762	0.620721	0.471034	-0.04407	-0.011377	-0.008503	0.004656	-0.023205	0.083837	0.050438
-0.011005	0.040783	0.017853	-0.60628	-0.794966	-0.021275	0.777122	-0.597927	0.196376	-0.168833	0.102526	0.980297	-0.000103	-0.000958	-0.000415	-0.034535	0.213884	0.308418	0.303596	0.08595	0.032262	-0.060962	-0.261556	0.40235	-0.877326	-0.734202	-0.672973	-0.089745	-0.626526	0.620661	0.471426	-0.030627	-0.011188	-0.008459	-0.001593	0.004952	-0.019599	0.067583
-0.011036	0.040701	0.017855	-0.610156	-0.792028	-0.01998	0.774287	-0.601454	0.196805	-0.167892	0.104612	0.980238	-0.00019	-0.001833	-0.000794	-0.012647	0.086796	-0.178109	0.290696	0.084854	0.031785	-0.061236	-0.266749	0.400657	-0.876537	-0.733234	-0.674614	-0.085222	-0.62547	0.619974	0.473728	-0.024384	-0.016468	-0.00414	-0.039807	0.118027	-0.205385	0.076564
-0.011066	0.040666	0.017842	-0.60987	-0.792256	-0.019694	0.774535	-0.601121	0.196842	-0.167787	0.104795	0.980236	-0.000138	-0.001331	-0.000577	9e-06	2.3e-05	0.000241	0.274694	0.084394	0.031575	-0.061392	-0.270061	0.399568	-0.876019	-0.732468	-0.675791	-0.082434	-0.624945	0.619394	0.475176	-0.023705	-0.010083	-0.007795	-0.004655	0.086147	-0.164266	0.075585
-0.011105	0.040608	0.017834	-0.612985	-0.789876	-0.018566	0.772932	-0.604375	0.193147	-0.163783	0.104046	0.980993	-2e-05	-0.000192	-8.2e-05	-0.012326	0.008464	-0.006771	0.243179	0.08362	0.031193	-0.061699	-0.275578	0.397722	-0.875141	-0.731105	-0.677811	-0.077821	-0.624132	0.618375	0.477567	-0.016238	-0.004142	-0.011715	0.031455	0.039387	-0.093644	0.072809
-0.01112	0.040559	0.017891	-0.61632	-0.787248	-0.01975	0.770444	-0.607977	0.191777	-0.162984	0.10298	0.981239	7.5e-05	0.000734	0.000321	-0.011578	0.008844	-0.007486	0.227993	0.083051	0.030858	-0.061986	-0.279887	0.396266	-0.874434	-0.729978	-0.679425	-0.074244	-0.623534	0.617538	0.479428	-0.016075	-0.007088	-0.005629	-0.003117	0.057432	-0.109491	0.067583
-0.011131	0.040512	0.017939	-0.615688	-0.787784	-0.017985	0.771543	-0.607319	0.189433	-0.160155	0.102756	0.981728	-0.005596	-0.004795	0.005191	0.365091	-0.364819	-0.189814	0.221787	0.082809	0.030716	-0.062103	-0.281844	0.395608	-0.874103	-0.729474	-0.680142	-0.072614	-0.623242	0.61717	0.48028	-0.009268	-0.007574	-0.0059	-0.002131	0.042702	-0.079948	0.056969
-0.011156	0.040395	0.01806	-0.612657	-0.7901	-0.019827	0.774597	-0.605241	0.183525	-0.157003	0.09708	0.982814	-2e-06	9e-06	4e-06	0.076729	-0.086415	-0.053762	0.210194	0.082322	0.030486	-0.062268	-0.285666	0.39434	-0.873435	-0.728563	-0.681455	-0.069381	-0.622567	0.616533	0.48197	-0.015796	-0.009606	0.000816	-0.037633	0.0756	-0.125277	0.02921
-0.011151	0.040235	0.018206	-0.610667	-0.791669	-0.018579	0.777243	-0.6037	0.17731	-0.151587	0.093837	0.983979	0.000113	-0.005609	0.00441	0.135043	-0.161112	-0.097494	0.182108	0.08188	0.030327	-0.062392	-0.285924	0.39395	-0.873527	-0.727685	-0.682374	-0.069556	-0.623474	0.615766	0.481779	-0.014815	-0.002521	-0.00223	-0.004862	0.046099	-0.088095	0.025128
-0.011111	0.040047	0.018322	-0.60876	-0.793187	-0.016255	0.78031	-0.602325	0.168284	-0.143272	0.089761	0.985604	-8e-06	-0.006787	0.003901	-0.039288	0.00739	-0.036744	0.11124	0.081581	0.030206	-0.062516	-0.287999	0.393222	-0.873173	-0.727101	-0.68317	-0.067837	-0.623201	0.615349	0.482664	-0.001147	-0.003714	-0.002866	-7.3e-05	5.3e-05	-6.9e-05	0.031496
-0.011084	0.039957	0.018336	-0.607809	-0.793922	-0.015928	0.781576	-0.601662	0.16474	-0.140374	0.087682	0.986207	-0.000295	-0.002823	-0.001232	-0.015669	0.009512	-0.011048	0.071397	0.081495	0.030156	-0.062575	-0.288713	0.392964	-0.873053	-0.726867	-0.683475	-0.067264	-0.623143	0.615174	0.482961	-0.00111	-0.003585	-0.002774	-0.000579	0.013999	-0.025205	0.036558
-0.011057	0.039769	0.018282	-0.607528	-0.794222	-0.010968	0.782783	-0.601006	0.161375	-0.134759	0.089454	0.986831	0.005331	-0.004624	-0.002458	-0.000515	-0.016198	0.031321	-0.013024	0.08147	0.030097	-0.062666	-0.28938	0.392711	-0.872947	-0.726576	-0.683832	-0.066776	-0.623173	0.61494	0.483222	0.000151	0.00421	-0.005234	0.034479	-0.018281	0.015744	0.044233
-0.011073	0.039623	0.018213	-0.606954	-0.794726	-0.003813	0.784689	-0.600035	0.15563	-0.125971	0.091469	0.987807	-0.000317	-0.003063	-0.001345	-0.006223	0.007839	-0.023827	-0.102344	0.081584	0.030088	-0.062708	-0.288948	0.392838	-0.873032	-0.726586	-0.68378	-0.067201	-0.623362	0.614916	0.483008	0.000191	0.000614	0.000476	-5e-06	-4e-06	2.1e-05	0.049621
-0.011069	0.039576	0.018192	-0.606697	-0.794931	-0.001411	0.785349	-0.599656	0.153745	-0.123062	0.092168	0.988109	-0.00022	-0.002137	-0.000938	-0.01566	0.08321	-0.1772	-0.152311	0.081664	0.030096	-0.062707	-0.288765	0.392906	-0.873062	-0.726616	-0.683731	-0.067372	-0.623411	0.614927	0.48293	0.00694	-0.000311	-8.8e-05	0.000977	-0.014719	0.029559	0.051581
-0.011037	0.039508	0.018159	-0.606321	-0.7952	0.005448	0.786947	-0.599014	0.147971	-0.114403	0.094005	0.988976	-0.000165	-0.001605	-0.000708	-0.006028	0.007922	-0.024389	-0.250775	0.081833	0.030111	-0.062692	-0.288208	0.393116	-0.873152	-0.726761	-0.68353	-0.067855	-0.623501	0.615017	0.4827	0.0004	0.001298	0.001002	-5e-06	-9e-06	-7e-06	0.054847
-0.010954	0.039465	0.018133	-0.606263	-0.795138	0.014124	0.788563	-0.59876	0.140194	-0.103017	0.096133	0.990023	-5.6e-05	-0.000557	-0.000248	0.008821	0.009998	-0.00154	-0.318378	0.081961	0.030137	-0.062675	-0.287819	0.393258	-0.873216	-0.726844	-0.683406	-0.068203	-0.623583	0.615063	0.482534	0.006963	-0.000216	-1.8e-05	0.000986	-0.01471	0.029563	0.057133
-0.010824	0.039462	0.018117	-0.607404	-0.794195	0.017683	0.787977	-0.599527	0.140206	-0.10075	0.099096	0.989963	3.6e-05	0.000342	0.000148	-0.117411	0.115107	0.061371	-0.378305	0.082013	0.03016	-0.062676	-0.287599	0.39332	-0.873261	-0.726849	-0.683379	-0.068417	-0.623679	0.615053	0.482424	1.5e-05	4.4e-05	3.1e-05	6e-06	-1e-05	1.4e-05	0.058602
-0.010775	0.039477	0.018114	-0.608262	-0.793501	0.019291	0.787278	-0.600041	0.141922	-0.10104	0.101514	0.989689	0.005825	4.9e-05	-0.000414	-0.213854	0.195653	0.127164	-0.410474	0.082023	0.030162	-0.062687	-0.287539	0.39333	-0.873276	-0.72683	-0.683393	-0.068485	-0.623729	0.615032	0.482386	-4.1e-05	-0.000131	-0.000103	1e-06	-4e-06	5e-06	0.060235
-0.010712	0.03955	0.01808	-0.609477	-0.792507	0.021641	0.786321	-0.600786	0.144059	-0.101166	0.104817	0.989332	0.000117	0.001139	0.0005	0.011802	-0.009102	0.009265	-0.470728	0.08201	0.030169	-0.062714	-0.28772	0.393241	-0.873256	-0.726698	-0.683544	-0.068378	-0.623799	0.614921	0.482437	-2.1e-05	-7e-05	-5.6e-05	3e-06	-2e-06	1.3e-05	0.063828
-0.010699	0.039696	0.017994	-0.609125	-0.792778	0.021645	0.786687	-0.600538	0.143098	-0.100446	0.104192	0.989471	-0.005875	0.006223	-0.003712	0.034921	0.002427	-0.012395	-0.507142	0.081997	0.0302	-0.062741	-0.287673	0.393207	-0.873287	-0.726574	-0.683666	-0.068485	-0.623966	0.614807	0.482366	3e-06	1e-05	9e-06	6e-06	-1e-06	1.5e-05	0.064481
-0.010725	0.039794	0.017904	-0.608657	-0.793129	0.021954	0.787131	-0.600111	0.142446	-0.099803	0.103981	0.989558	-0.006022	0.004727	-0.004367	0.021529	0.089375	-0.190994	-0.517266	0.081999	0.030221	-0.062757	-0.287587	0.393205	-0.873317	-0.72651	-0.683722	-0.068599	-0.62408	0.614745	0.482298	2e-06	6e-06	6e-06	-2e-06	-1e-06	2e-06	0.064481
-0.010783	0.040044	0.017574	-0.608232	-0.793556	0.01792	0.78698	-0.59994	0.143989	-0.103512	0.101681	0.989416	-0.00068	0.006877	-0.010716	-0.529954	-0.690396	0.1409	-0.524287	0.082008	0.030268	-0.062797	-0.287658	0.393115	-0.873334	-0.726287	-0.683955	-0.068646	-0.624307	0.614545	0.482259	-0.000208	-0.000673	-0.00052	-0.000534	0.01403	-0.025169	0.063828
-0.010885	0.04036	0.017074	-0.609256	-0.792831	0.015016	0.785675	-0.600977	0.146763	-0.107334	0.101214	0.989057	-0.00682	0.010369	-0.015597	0.114161	-0.013339	-0.002718	-0.525757	0.081999	0.030321	-0.06287	-0.287658	0.393009	-0.873381	-0.725978	-0.684267	-0.068801	-0.624666	0.614265	0.482151	0.00019	0.004354	-0.005119	0.034511	-0.018242	0.015745	0.061868
-0.011046	0.040776	0.016365	-0.613205	-0.789631	0.021489	0.782853	-0.60386	0.149977	-0.10545	0.10879	0.988455	-0.001436	0.012901	-0.02174	-0.073724	0.189396	0.137681	-0.528533	0.081955	0.03038	-0.062966	-0.286972	0.390348	-0.874799	-0.725599	-0.684794	-0.067538	-0.625422	0.615372	0.479754	0.000151	0.004221	-0.005223	0.035447	-0.014161	0.018021	0.059909
-0.011142	0.040991	0.015987	-0.615325	-0.787962	0.022148	0.780951	-0.605548	0.153055	-0.10719	0.111475	0.987969	-0.00127	0.007735	-0.017157	-0.220636	0.299243	0.183706	-0.533758	0.081919	0.030409	-0.063008	-0.28707	0.390288	-0.874794	-0.725405	-0.684998	-0.067564	-0.625602	0.615184	0.47976	-0.000301	-0.000986	-0.000765	0.000134	0.000569	0.000321	0.059582
-0.011311	0.041507	0.015181	-0.622486	-0.782348	0.021013	0.773838	-0.611258	0.165942	-0.11698	0.119558	0.985911	-0.001258	0.014469	-0.020968	0.051293	0.080925	0.103908	-0.554659	0.081843	0.030467	-0.063073	-0.287407	0.390072	-0.87478	-0.725026	-0.685411	-0.067425	-0.625885	0.61486	0.479804	-0.006725	0.000972	0.000603	-0.000985	0.014728	-0.029555	0.059745
-0.011421	0.042111	0.014429	-0.630852	-0.775838	0.009983	0.763974	-0.618854	0.182654	-0.135532	0.122854	0.983126	-0.001003	0.016815	-0.019857	-0.158979	0.184246	0.373889	-0.617363	0.081779	0.030506	-0.063101	-0.287892	0.389851	-0.874718	-0.724747	-0.685739	-0.067093	-0.625986	0.614635	0.479962	5e-06	1.4e-05	1.2e-05	-9e-06	3e-06	-1.5e-05	0.063338
-0.011449	0.042412	0.014067	-0.633912	-0.77338	0.006085	0.760575	-0.621951	0.186283	-0.140283	0.122715	0.982476	-0.000862	0.011482	-0.01538	0.106536	-0.005543	0.056864	-0.663084	0.081734	0.03052	-0.063104	-0.288085	0.389768	-0.874692	-0.724663	-0.685843	-0.066944	-0.625994	0.614572	0.480032	7e-06	2.1e-05	2e-05	-4e-06	-2e-06	-0	0.068073
-0.011502	0.042979	0.013337	-0.645737	-0.763553	0.003015	0.748803	-0.63248	0.198147	-0.149389	0.130208	0.980167	-0.00102	0.016569	-0.019884	-0.185873	-0.071637	0.212315	-0.676311	0.081633	0.030534	-0.063095	-0.288005	0.38701	-0.875942	-0.724506	-0.686199	-0.064964	-0.626213	0.615917	0.47802	-8e-06	-2.3e-05	-1.6e-05	0.001259	0.005477	0.003052	0.085219
-0.011507	0.043525	0.0127	-0.671558	-0.740948	0.002447	0.724353	-0.655815	0.212647	-0.155955	0.144577	0.977125	-0.000638	0.013545	-0.014363	-0.222694	0.299154	0.211077	-0.681699	0.081551	0.030541	-0.063092	-0.287835	0.384195	-0.877236	-0.724368	-0.686528	-0.062996	-0.626451	0.61731	0.475905	-4e-05	-0.000132	-9.9e-05	0.003499	0.015267	0.008546	0.119673
-0.011422	0.043909	0.012272	-0.68461	-0.728787	0.01334	0.712372	-0.66509	0.224008	-0.154381	0.162861	0.974495	0.005424	0.003044	-0.005873	-0.132967	0.143641	0.184113	-0.68023	0.081518	0.030519	-0.063109	-0.287225	0.380822	-0.878905	-0.724299	-0.686791	-0.060881	-0.62681	0.619104	0.473093	-0.000181	-0.000595	-0.000464	-0.150518	-0.63506	-0.353271	0.151351
-0.011341	0.044006	0.01211	-0.689647	-0.723867	0.020033	0.707502	-0.667643	0.231714	-0.154355	0.173974	0.972577	0.005241	0.001357	-0.006647	-0.559642	0.535242	0.310413	-0.681863	0.081518	0.030506	-0.063126	-0.286743	0.379047	-0.87983	-0.724286	-0.686894	-0.059877	-0.627047	0.620079	0.471501	-0.000274	-0.000881	-0.000684	0.004049	0.017708	0.009926	0.161802
-0.011096	0.044035	0.011837	-0.69873	-0.714226	0.040695	0.700848	-0.672016	0.239175	-0.143478	0.19564	0.970122	0.005127	0.000256	-0.007156	0.010929	1.198213	0.070007	-0.689047	0.081535	0.030482	-0.063163	-0.286217	0.376622	-0.881041	-0.724209	-0.687098	-0.058448	-0.627375	0.621329	0.469413	-0.000274	-0.000888	-0.000692	0.002425	0.010483	0.005863	0.173885
-0.01075	0.044041	0.011576	-0.707221	-0.703239	0.07274	0.697334	-0.676912	0.235614	-0.116454	0.217356	0.96912	0.005333	-0.004552	-0.002522	-0.088403	0.333151	0.278992	-0.701947	0.081548	0.030474	-0.063169	-0.286472	0.376659	-0.880943	-0.724151	-0.687169	-0.058323	-0.627325	0.621229	0.469613	1.3e-05	3.9e-05	3e-05	4.8e-05	0.000209	0.000112	0.176008
-0.010535	0.044034	0.011448	-0.714101	-0.695223	0.081997	0.690974	-0.681208	0.241888	-0.112309	0.22939	0.966832	0.010922	0.000235	-0.007592	-0.302083	0.192787	0.443252	-0.712561	0.081549	0.030482	-0.063169	-0.286435	0.376667	-0.880951	-0.724144	-0.687174	-0.058363	-0.627351	0.621219	0.469592	7.1e-05	0.000226	0.000173	6e-06	2.9e-05	4e-06	0.176661
-0.010055	0.04408	0.011062	-0.72591	-0.681207	0.094921	0.679966	-0.690031	0.247997	-0.103439	0.244567	0.964098	0.016344	0.003234	-0.013484	-0.078939	-0.0058	0.389373	-0.729054	0.081543	0.030493	-0.063154	-0.286557	0.376632	-0.880926	-0.72413	-0.687198	-0.058252	-0.627311	0.621213	0.469652	0.000185	0.000593	0.000463	0	1.4e-05	3e-06	0.176988
-0.009405	0.044255	0.010413	-0.731771	-0.672111	0.113031	0.676319	-0.695591	0.242374	-0.084279	0.253807	0.963575	0.015976	0.006157	-0.018985	-0.497228	0.43232	0.372007	-0.737218	0.081522	0.030511	-0.063141	-0.289156	0.376038	-0.880331	-0.724253	-0.687282	-0.055685	-0.625975	0.621481	0.471079	0.000223	0.000716	0.000557	0.000626	-0.014216	0.025348	0.176171
-0.009039	0.044375	0.010008	-0.735824	-0.666776	0.1182	0.672268	-0.698312	0.245793	-0.081348	0.260323	0.962088	0.021442	0.009653	-0.024623	-0.31065	0.30283	0.358091	-0.745219	0.081518	0.030515	-0.063138	-0.289178	0.37603	-0.880327	-0.724247	-0.687289	-0.055667	-0.625973	0.621477	0.471087	-4e-06	-1.7e-05	-1.3e-05	8e-06	-1.8e-05	3.3e-05	0.176825
-0.008246	0.044715	0.009018	-0.746678	-0.651467	0.134393	0.661005	-0.704068	0.259537	-0.074458	0.282625	0.956335	0.015394	0.013813	-0.02908	-0.204829	0.261232	0.36007	-0.761222	0.081513	0.030515	-0.063138	-0.291764	0.375445	-0.879723	-0.724365	-0.687367	-0.053113	-0.624634	0.621745	0.472508	-0	-8e-06	-1e-05	9.3e-05	-0.000136	0.000198	0.177151
-0.007462	0.045208	0.007907	-0.7605	-0.632282	0.147842	0.645508	-0.711469	0.277724	-0.070414	0.306643	0.949216	0.015172	0.018667	-0.033584	-0.319434	0.290647	0.595588	-0.751751	0.081502	0.030513	-0.063139	-0.291828	0.375422	-0.879712	-0.724347	-0.687389	-0.053058	-0.624624	0.621734	0.472536	0	-4e-06	-4e-06	-1.3e-05	4e-06	2e-05	0.177151
-0.006623	0.045779	0.006629	-0.781354	-0.603377	0.159437	0.621007	-0.72635	0.294557	-0.061922	0.329165	0.942239	0.020748	0.015801	-0.035308	-0.102182	1.28638	0.262136	-0.75518	0.081478	0.030522	-0.063133	-0.292062	0.375342	-0.879668	-0.724286	-0.687469	-0.05286	-0.624585	0.621694	0.472639	-1e-06	-4e-06	-2e-06	-1.2e-05	5e-06	1.5e-05	0.175845
-0.006181	0.046041	0.005942	-0.794788	-0.584033	0.164971	0.60429	-0.736471	0.304044	-0.056076	0.341341	0.938265	0.020668	0.014464	-0.03593	-0.130751	0.222325	0.346995	-0.768407	0.081463	0.030525	-0.063132	-0.292151	0.375311	-0.879652	-0.724263	-0.687499	-0.052784	-0.624571	0.621679	0.472678	-0.00021	-0.000677	-0.000526	-0.000534	0.01408	-0.025132	0.175192
-0.00533	0.046414	0.004604	-0.806715	-0.562021	0.182599	0.589584	-0.744561	0.313079	-0.040001	0.360223	0.932007	0.020442	0.010445	-0.037908	-0.317019	0.334586	0.392403	-0.759262	0.081447	0.030523	-0.063133	-0.29238	0.375235	-0.879608	-0.724204	-0.687576	-0.052592	-0.624533	0.621639	0.472781	-0.000145	-0.000468	-0.000363	-1.5e-05	-3e-06	1.5e-05	0.172416
-0.004424	0.046554	0.003211	-0.829092	-0.51919	0.207477	0.559103	-0.767957	0.31248	-0.002903	0.375076	0.926988	0.020478	0.00023	-0.036221	0.901216	2.777572	-0.287429	-0.767753	0.081448	0.030529	-0.063135	-0.292482	0.375197	-0.879591	-0.72416	-0.687628	-0.052515	-0.624535	0.621605	0.472822	2e-06	3e-06	3e-06	-1.2e-05	-3e-06	6e-06	0.168007
-0.003973	0.046537	0.002484	-0.841685	-0.491402	0.223807	0.53952	-0.78223	0.311501	0.021997	0.382934	0.923513	0.026255	-0.001917	-0.037825	-0.523131	0.448341	0.728254	-0.771836	0.081448	0.030529	-0.063135	-0.292622	0.375153	-0.879563	-0.724124	-0.687675	-0.0524	-0.624512	0.62158	0.472886	-1e-06	-1e-06	-1e-06	-1.5e-05	-1e-06	5e-06	0.166047
-0.00307	0.046367	0.001005	-0.851186	-0.461744	0.249548	0.522275	-0.792287	0.315448	0.052057	0.398838	0.915542	0.026308	-0.004811	-0.039608	-0.478704	0.619945	0.509542	-0.750445	0.081443	0.030534	-0.063138	-0.292768	0.3751	-0.879537	-0.724069	-0.687742	-0.052286	-0.624508	0.621538	0.472947	1e-06	-1e-06	-0	-1.5e-05	1.1e-05	9e-06	0.164904
-0.002209	0.046096	-0.000505	-0.863748	-0.426706	0.268068	0.497772	-0.805331	0.321968	0.078497	0.411537	0.908006	0.020818	-0.012945	-0.036867	-0.158585	0.398506	0.289544	-0.747832	0.081444	0.030538	-0.063141	-0.295172	0.374567	-0.87896	-0.724207	-0.687774	-0.04989	-0.623214	0.621824	0.474276	-0	0	-0	8.1e-05	-0.000118	0.000192	0.165068
-0.001433	0.045721	-0.002043	-0.870471	-0.388662	0.302028	0.476426	-0.819465	0.318582	0.123681	0.42121	0.89849	0.015119	-0.013577	-0.037249	0.064643	-0.024267	0.229968	-0.746362	0.08144	0.030542	-0.063137	-0.297736	0.373988	-0.878342	-0.724314	-0.687841	-0.047351	-0.621869	0.622098	0.47568	-0	0	-2e-06	0.000222	-0.000306	0.000455	0.166701
-0.001057	0.045468	-0.002836	-0.871153	-0.379452	0.311621	0.472372	-0.820872	0.320987	0.134002	0.42683	0.894348	0.021094	-0.015001	-0.038723	-0.024562	-0.091647	0.47132	-0.742443	0.081445	0.030545	-0.063141	-0.297692	0.373997	-0.878353	-0.724307	-0.687845	-0.047398	-0.621898	0.622088	0.475654	-2e-06	-3e-06	-4e-06	9e-06	-5.6e-05	9.7e-05	0.16768
-0.000398	0.044912	-0.004399	-0.873342	-0.36573	0.321736	0.464637	-0.823771	0.324827	0.146238	0.433176	0.889366	0.015292	-0.017133	-0.040097	0.600111	2.52176	-0.878096	-0.738524	0.081455	0.030548	-0.063152	-0.300153	0.373426	-0.877758	-0.724346	-0.687966	-0.044989	-0.620668	0.622298	0.476985	1e-06	3e-06	1e-06	-0.381973	0.473459	-0.686951	0.168007
0.000225	0.04429	-0.006048	-0.876239	-0.339088	0.342379	0.448941	-0.832616	0.324347	0.175088	0.437914	0.881801	0.015507	-0.017295	-0.040838	0.105538	1.006862	-0.267165	-0.745219	0.08146	0.03056	-0.063168	-0.302707	0.372847	-0.877127	-0.724436	-0.688032	-0.042456	-0.619322	0.622571	0.478376	-3.7e-05	-0.000119	-9.3e-05	0.001946	-0.002428	0.003445	0.167517
0.000514	0.043997	-0.006847	-0.876715	-0.327164	0.352608	0.443048	-0.834682	0.327129	0.18729	0.443022	0.876728	0.015284	-0.012102	-0.045368	-0.49474	0.712484	0.206524	-0.746362	0.081458	0.030582	-0.063183	-0.305144	0.372275	-0.876525	-0.724459	-0.688151	-0.040065	-0.618098	0.622781	0.479684	0.000657	0.005845	-0.003958	-0.07709	0.119924	-0.185041	0.166374
0.00114	0.043389	-0.008543	-0.880285	-0.291514	0.374321	0.42314	-0.839239	0.341508	0.214591	0.459015	0.862122	0.021591	-0.011337	-0.045996	-0.298895	0.284236	0.408651	-0.741627	0.081453	0.030639	-0.063222	-0.307531	0.371674	-0.875946	-0.724365	-0.688379	-0.037774	-0.617023	0.622889	0.480926	1e-06	-2e-06	-3e-06	0.000912	-0.00117	0.001665	0.161149
0.001937	0.042931	-0.010209	-0.881017	-0.253938	0.399152	0.403231	-0.844328	0.352864	0.24741	0.47183	0.846264	0.021967	-0.006724	-0.04368	-0.531158	0.598121	0.48737	-0.736238	0.081432	0.030725	-0.063277	-0.317577	0.369309	-0.873358	-0.72435	-0.688866	-0.027901	-0.611932	0.623757	0.486277	-1e-06	-5e-06	-3e-06	0.001562	-0.001924	0.002636	0.146616
0.003008	0.04271	-0.011889	-0.877971	-0.223866	0.423142	0.390798	-0.845685	0.363447	0.276481	0.484459	0.829974	0.028058	0.001188	-0.047029	-0.086087	0.15086	0.253619	-0.734605	0.081352	0.030844	-0.063352	-0.324677	0.370609	-0.870191	-0.731862	-0.681238	-0.01707	-0.599134	0.631318	0.492417	3e-06	4e-06	5e-06	0.00076	0.09245	-0.16663	0.135349
0.00365	0.04264	-0.012768	-0.877997	-0.20363	0.433192	0.379965	-0.846892	0.372019	0.291113	0.49123	0.820941	0.034744	-0.002979	-0.042889	-0.469519	0.446773	0.276717	-0.735095	0.081268	0.030956	-0.063401	-0.329427	0.372535	-0.867579	-0.73895	-0.673703	-0.0087	-0.587733	0.638232	0.497221	-0.005822	0.007576	-0.002765	-1.109141	1.522208	-2.246996	0.134206
0.005088	0.042537	-0.014325	-0.874388	-0.185192	0.448494	0.378132	-0.83929	0.390649	0.304072	0.51117	0.803893	0.041663	-0.004233	-0.036979	0.254775	2.624549	-1.248428	-0.735422	0.081017	0.031337	-0.063545	-0.342567	0.373841	-0.86191	-0.747017	-0.664748	0.008577	-0.569748	0.646801	0.506986	-0.005047	0.013716	-0.006481	0.0546	0.154481	-0.306361	0.148902
0.006937	0.04251	-0.015726	-0.868475	-0.171178	0.46524	0.379079	-0.834086	0.400746	0.319452	0.524401	0.789273	0.054405	0.001443	-0.034406	-0.051898	0.138555	0.165986	-0.741627	0.080807	0.031844	-0.063819	-0.344477	0.384761	-0.856325	-0.771211	-0.63611	0.024423	-0.53532	0.668821	0.515858	-0.005566	0.01199	-0.007772	-5.987936	1.296099	0.081682	0.165558
0.007932	0.042517	-0.016355	-0.867789	-0.165874	0.468431	0.377951	-0.832329	0.405438	0.322638	0.528879	0.784978	0.054542	0.00349	-0.033143	-0.033246	0.127073	0.152638	-0.74228	0.080711	0.032066	-0.063974	-0.342064	0.389364	-0.855211	-0.787744	-0.615002	0.035079	-0.512299	0.685687	0.517089	-0.00579	0.011266	-0.008375	-0.394052	0.128708	-0.119243	0.172579
0.010059	0.042534	-0.017515	-0.865478	-0.158609	0.475172	0.37757	-0.829927	0.410682	0.329221	0.534848	0.778171	0.055256	0.000744	-0.027603	-0.328752	0.397979	0.132533	-0.742933	0.080505	0.032528	-0.064384	-0.358847	0.385331	-0.850146	-0.804226	-0.589937	0.072074	-0.47376	0.709573	0.52159	-0.005775	0.014962	-0.013973	-0.578534	-0.454302	-0.540599	0.203604
0.012201	0.042641	-0.018485	-0.859811	-0.178117	0.478537	0.397155	-0.822314	0.407512	0.320923	0.540437	0.777775	0.055309	0.006438	-0.023757	-0.109982	-0.236019	-0.324486	-0.749628	0.080262	0.033052	-0.06486	-0.379989	0.376709	-0.844806	-0.812989	-0.571644	0.110775	-0.441199	0.728911	0.523479	-0.005514	0.015718	-0.013358	-1.38201	0.500722	0.060569	0.271697
0.014244	0.042893	-0.019364	-0.860029	-0.22275	0.459055	0.428253	-0.804231	0.412081	0.277395	0.550993	0.787056	0.049086	0.008265	-0.022076	-0.595094	-0.791126	-1.237237	-0.759916	0.080093	0.033588	-0.065344	-0.39176	0.371219	-0.841855	-0.826942	-0.543188	0.145299	-0.403348	0.753088	0.519776	-0.005746	0.014942	-0.01395	-0.092037	0.205995	-0.733956	0.361016
0.015202	0.043116	-0.019791	-0.863247	-0.236858	0.44576	0.434017	-0.799183	0.415854	0.257746	0.552452	0.792693	0.048938	0.011697	-0.019613	-0.119036	-0.915908	0.622564	-0.762202	0.080048	0.033799	-0.065581	-0.397114	0.371323	-0.839296	-0.83543	-0.524842	0.163083	-0.379941	0.765937	0.518636	0.000427	0.012275	-0.015782	-4.655082	1.005604	2.161194	0.39841
0.016952	0.04382	-0.020546	-0.866744	-0.262714	0.42395	0.445109	-0.790939	0.419872	0.225013	0.552626	0.802479	0.041641	0.022771	-0.018835	0.157226	-0.129028	0.248386	-0.769876	0.080012	0.034097	-0.0661	-0.414919	0.362067	-0.834714	-0.83672	-0.512215	0.193736	-0.357408	0.778807	0.515477	-0.000451	0.005945	-0.012322	-0.028709	0.04391	-0.648317	0.434497
0.018328	0.044589	-0.021136	-0.861417	-0.300345	0.409575	0.470307	-0.776161	0.419981	0.191757	0.554406	0.809853	0.029467	0.018342	-0.013043	-0.110582	-0.906668	0.555068	-0.777224	0.079995	0.034328	-0.066581	-0.432796	0.352766	-0.829603	-0.828079	-0.519316	0.211176	-0.356331	0.778373	0.516877	-0.000304	0.006401	-0.011964	0.085481	0.214179	-0.318714	0.432375
