-0.002062	0.035829	-0.005674	0.926093	-0.131861	0.3535	-0.200594	0.621461	0.757328	-0.319548	-0.772268	0.549081	0.005972	-0.010051	-0.000408	1.006839	-0.383407	-0.933286	-0.556945	0.101128	0.032605	-0.038579	0.516953	-0.400069	-0.756771	0.70152	0.704613	0.106715	0.490538	-0.586058	0.644908	-0.009906	0.050109	-0.046628	0.128709	-1.333112	-0.49762	-1.105659
-0.002094	0.035441	-0.005548	0.946288	-0.104172	0.306083	-0.172206	0.638843	0.749816	-0.273649	-0.762251	0.58659	-0.00715	-0.00368	0.006022	0.431497	-0.763694	0.07909	-0.849562	0.100542	0.034501	-0.04028	0.522519	-0.340176	-0.781827	0.659833	0.742072	0.118108	0.539994	-0.577589	0.612206	-0.023539	0.046046	-0.040317	0.137579	-1.073659	-0.433787	-0.908731
-0.002121	0.035332	-0.005394	0.955485	-0.11288	0.272588	-0.138616	0.643841	0.752497	-0.260446	-0.756786	0.599534	0.000656	-0.002632	0.007097	0.010334	-0.538107	0.716017	-0.963049	0.100074	0.035381	-0.041053	0.529971	-0.314817	-0.787413	0.646376	0.751021	0.134778	0.548934	-0.580393	0.601509	-0.023155	0.040748	-0.035796	-0.167009	-0.460671	-1.118305	-0.824147
-0.002262	0.035406	-0.005013	0.965048	-0.117883	0.234061	-0.104887	0.644736	0.757174	-0.240166	-0.75526	0.609837	-0.004894	0.003988	0.013747	-0.012746	-0.482192	0.860991	-0.910469	0.099001	0.036886	-0.042376	0.549684	-0.273189	-0.789439	0.626166	0.760277	0.1729	0.552958	-0.589361	0.588973	-0.029619	0.034989	-0.031308	-0.796441	0.591406	-2.585103	-0.588845
-0.002473	0.03553	-0.004466	0.969983	-0.127234	0.207226	-0.080087	0.63749	0.766284	-0.229602	-0.759879	0.608165	-0.005432	0.002136	0.011846	-0.06161	-0.233295	0.529809	-0.708642	0.097889	0.037944	-0.043414	0.589709	-0.234085	-0.772946	0.598862	0.768875	0.224042	0.541855	-0.595008	0.593597	-0.028875	0.02215	-0.024259	-0.771704	1.158258	-3.164002	-0.290513
-0.002617	0.035476	-0.004207	0.971372	-0.128448	0.199841	-0.073923	0.636023	0.768121	-0.225768	-0.760904	0.608319	0.00048	-0.008037	0.011387	-0.07177	-0.150532	0.203276	-0.607402	0.097399	0.038245	-0.04382	0.608725	-0.213034	-0.764244	0.577015	0.780004	0.242169	0.544523	-0.588395	0.597732	-0.021364	0.009085	-0.017771	0.081878	0.191187	-0.638253	-0.139306
-0.00256	0.035192	-0.003799	0.973671	-0.128646	0.188183	-0.065649	0.632307	0.77193	-0.218295	-0.763961	0.607214	0.000801	-0.006951	0.012457	-0.084003	-0.146264	0.201099	-0.308254	0.096608	0.038318	-0.044417	0.627835	-0.177752	-0.757777	0.530146	0.810483	0.249122	0.569884	-0.55814	0.603084	-0.01389	-0.005274	-0.012402	-0.009959	0.147455	-0.502019	0.171599
-0.002543	0.034986	-0.003328	0.974098	-0.129135	0.185621	-0.063953	0.630042	0.773923	-0.21689	-0.765748	0.605464	0.001028	-0.001328	0.008356	-0.033806	0.003789	0.009306	-0.009922	0.096244	0.037806	-0.044722	0.63167	-0.174794	-0.755273	0.525112	0.813182	0.25098	0.570305	-0.55514	0.605449	-0.006496	-0.017743	-0.005535	-0.05358	0.172548	-0.300877	0.226792
-0.002553	0.03487	-0.003088	0.974357	-0.129159	0.184242	-0.063209	0.628738	0.775043	-0.215944	-0.766815	0.604452	0.000929	-0.006512	0.012881	-0.069414	0.020693	-0.00659	0.145531	0.096171	0.037437	-0.044792	0.633849	-0.174326	-0.753554	0.523916	0.813483	0.2525	0.568986	-0.554847	0.606958	0.000662	-0.021671	-0.000347	0.151513	0.774371	0.042648	0.209973
-0.002526	0.034619	-0.002575	0.974014	-0.127513	0.18718	-0.066484	0.629072	0.774498	-0.216509	-0.766816	0.604248	0.000906	-0.006583	0.0128	-0.056568	-0.000368	-0.019449	0.312577	0.096112	0.036771	-0.044846	0.639334	-0.176291	-0.748447	0.519537	0.81661	0.25145	0.566861	-0.549607	0.613677	-0.006627	-0.012399	-0.001201	0.489926	0.217647	-0.145723	0.188745
-0.002503	0.034348	-0.002069	0.971848	-0.139008	0.19023	-0.062112	0.627683	0.775986	-0.227273	-0.765956	0.601379	0.000692	-0.007306	0.012077	-0.070191	0.020553	-0.004818	0.381159	0.096146	0.036357	-0.044802	0.643327	-0.186478	-0.742532	0.521701	0.816613	0.246918	0.560317	-0.546229	0.622636	0.000275	-0.007498	0.002569	-0.039155	0.072381	0.026551	0.189398
-0.002487	0.034052	-0.001579	0.965621	-0.177476	0.189942	-0.037713	0.627306	0.777859	-0.257203	-0.75828	0.599046	0.000789	-0.006954	0.012704	0.971456	4.324015	3.234759	0.421982	0.096174	0.036211	-0.044687	0.649099	-0.197831	-0.734528	0.519788	0.820361	0.238385	0.555419	-0.536534	0.635325	0.000221	-0.003779	0.005677	0.010675	0.215856	0.098968	0.189398
-0.002449	0.033916	-0.001337	0.961013	-0.200391	0.190517	-0.023578	0.627124	0.778562	-0.275495	-0.7527	0.597949	0.000616	-0.007591	0.012081	0.987701	4.244145	3.37833	0.442883	0.096175	0.036209	-0.044616	0.653561	-0.204149	-0.728821	0.520242	0.820569	0.236672	0.549731	-0.533844	0.642498	0.000205	-0.002603	0.006656	-0.00642	0.153409	0.103728	0.189071
-0.002429	0.033636	-0.000883	0.955591	-0.230861	0.183156	0.00093	0.623878	0.78152	-0.29469	-0.746644	0.596387	0.000445	-0.00814	0.01124	-0.07055	0.034992	-0.036616	0.474888	0.096171	0.036266	-0.044462	0.660247	-0.216442	-0.719184	0.521647	0.821069	0.231793	0.54033	-0.528202	0.655015	0.0002	-0.002186	0.007001	0.111408	0.454403	0.243009	0.191357
-0.00245	0.033331	-0.000526	0.954565	-0.240888	0.175438	0.013209	0.622339	0.782636	-0.29771	-0.74476	0.597244	-0.000149	-0.010166	0.009275	-0.086226	0.035493	-0.034601	0.488768	0.096186	0.03634	-0.044354	0.662838	-0.22411	-0.714437	0.523116	0.821277	0.22771	0.535719	-0.524668	0.661609	-3.9e-05	0.002496	0.002073	0.019505	0.078318	0.080421	0.200992
-0.002465	0.033159	-0.000377	0.953934	-0.245197	0.172878	0.018351	0.622842	0.782131	-0.299452	-0.74293	0.59865	-0.000321	-0.01076	0.0087	-0.007869	-0.012814	-0.064849	0.4904	0.096186	0.036371	-0.044323	0.663236	-0.226826	-0.713209	0.523919	0.82123	0.226028	0.53444	-0.523574	0.663508	-2.1e-05	0.001242	0.001031	-0.017789	-0.022271	-0.004013	0.20638
-0.002574	0.032901	-0.000167	0.954967	-0.244923	0.167483	0.024674	0.62806	0.777772	-0.295683	-0.738615	0.60582	-0.0002	-0.005498	0.004239	0.330107	-0.272307	0.026386	0.487625	0.096185	0.036398	-0.0443	0.663003	-0.229481	-0.712576	0.525027	0.821055	0.224085	0.533641	-0.522691	0.664846	-4e-06	0.000209	0.000172	-0.003613	-0.009114	-0.004181	0.20883
-0.002769	0.032778	8e-06	0.95746	-0.235071	0.167365	0.022641	0.639399	0.768541	-0.287675	-0.732058	0.617522	-0.007229	-0.003886	0.005828	0.427213	-0.233452	-0.216031	0.47799	0.09618	0.036393	-0.04431	0.661744	-0.230183	-0.713519	0.525941	0.820766	0.222996	0.534303	-0.522836	0.6642	1e-06	-8.8e-05	-7.4e-05	0.001122	-0.000577	-0.001173	0.206054
-0.003036	0.032753	0.000136	0.95719	-0.240046	0.161753	0.034609	0.649714	0.75939	-0.287383	-0.721282	0.630207	-0.007134	0.001306	0.00156	0.942102	2.163991	5.534438	0.471132	0.09618	0.036392	-0.044311	0.660471	-0.230988	-0.714437	0.526906	0.820461	0.221838	0.534926	-0.52296	0.6636	1e-06	-9e-06	-7e-06	0.000834	-0.000262	-0.000766	0.197073
-0.003085	0.032734	0.000168	0.956085	-0.246585	0.15842	0.044284	0.655851	0.753589	-0.289724	-0.71348	0.637969	-1.4e-05	-2.2e-05	-2.2e-05	0.472422	-0.169791	-0.352453	0.468356	0.096185	0.036394	-0.04431	0.659907	-0.231348	-0.714842	0.527336	0.820323	0.221325	0.535199	-0.523016	0.663336	-5e-06	0.000468	0.000387	0.000697	-0.000205	-0.000627	0.192501
-0.003075	0.032705	0.000227	0.95517	-0.253098	0.153593	0.056963	0.666217	0.743578	-0.290524	-0.701495	0.650768	0.000242	-0.00401	0.005687	0.055055	-0.082125	-0.052708	0.46607	0.096185	0.036403	-0.044308	0.659243	-0.231768	-0.715319	0.527822	0.820179	0.220702	0.535538	-0.523057	0.663029	3e-06	-0.000183	-0.000154	0.000469	-0.000145	-0.000435	0.188745
-0.003006	0.032638	0.000298	0.952666	-0.263629	0.151413	0.068827	0.672136	0.737221	-0.296123	-0.691904	0.658467	0	-0.004824	0.004891	-0.063198	0.00832	-0.026259	0.466723	0.09618	0.036402	-0.044309	0.658407	-0.232303	-0.715915	0.528462	0.819971	0.219944	0.535936	-0.523147	0.662637	-0.000245	0.005368	-0.004353	0.042147	-0.105179	0.194098	0.186132
-0.003007	0.032573	0.000364	0.949949	-0.273321	0.151296	0.076359	0.672756	0.735913	-0.302926	-0.687527	0.659955	-2.7e-05	-0.004912	0.004804	-0.059339	0.01733	-0.018373	0.469173	0.09618	0.036399	-0.044311	0.658102	-0.232498	-0.716132	0.528694	0.819895	0.219667	0.536082	-0.523179	0.662494	4e-06	-0.000173	-0.000147	0.000264	-8.1e-05	-0.000241	0.185153
-0.003018	0.03236	0.000539	0.941249	-0.301285	0.152567	0.094811	0.669346	0.736875	-0.32413	-0.679118	0.658587	-0.000171	-0.005388	0.004339	-0.035772	0.01887	-0.014034	0.472602	0.09618	0.036406	-0.044306	0.657536	-0.232861	-0.716534	0.529127	0.819753	0.219155	0.536348	-0.52324	0.66223	-0	1.9e-05	1.6e-05	0.000179	-6.3e-05	-0.000166	0.184009
-0.003011	0.032061	0.000779	0.935434	-0.317476	0.155472	0.103743	0.666991	0.737806	-0.337934	-0.67404	0.656862	0.006997	-0.006565	0.003191	-0.00822	0.110881	0.115951	0.475214	0.09618	0.036403	-0.044308	0.657123	-0.233126	-0.716826	0.529444	0.819648	0.218781	0.536542	-0.523286	0.662037	6e-06	-0.000247	-0.000207	0.000126	-3.3e-05	-0.000125	0.18352
-0.002989	0.031908	0.00089	0.93146	-0.328294	0.156856	0.110227	0.66547	0.73824	-0.346743	-0.670351	0.656046	-0.000259	-0.00568	0.00406	-0.021852	0.218905	-0.089338	0.477501	0.096185	0.036402	-0.044309	0.656891	-0.233277	-0.716991	0.529622	0.819589	0.218571	0.53665	-0.523312	0.661929	2e-06	1e-06	-1e-06	0.000116	-2.7e-05	-8.8e-05	0.183193
-0.002872	0.031588	0.001053	0.922259	-0.352486	0.158711	0.127618	0.665168	0.735706	-0.364896	-0.658258	0.658442	0.006607	-0.007915	0.001867	0.175912	-0.026785	-0.237056	0.479297	0.096185	0.036399	-0.044312	0.659743	-0.229338	-0.71564	0.524161	0.822836	0.21953	0.538509	-0.519945	0.663071	-1e-05	0.000685	0.000568	-0.000123	-0.014402	0.024649	0.183193
-0.002707	0.031284	0.001067	0.901935	-0.398572	0.166289	0.161218	0.667944	0.726539	-0.40065	-0.628482	0.6667	0.006094	-0.009727	8.8e-05	0.853669	0.817849	0.890218	0.4775	0.096195	0.036403	-0.044309	0.6596	-0.229428	-0.715744	0.524278	0.822794	0.21941	0.538571	-0.519972	0.662999	-0	-2e-06	1e-06	0.005979	-0.09499	0.174657	0.18303
-0.002509	0.030979	0.000919	0.884137	-0.430384	0.181853	0.187626	0.683506	0.705418	-0.427899	-0.589566	0.685065	0.005535	-0.012482	-0.002573	2.282426	5.140033	1.750939	0.466887	0.096206	0.036396	-0.044315	0.659381	-0.229576	-0.715898	0.524453	0.822736	0.219212	0.53867	-0.52	0.662898	3e-06	-0.000141	-0.000119	-3.7e-05	2.2e-05	4.3e-05	0.183193
-0.002392	0.03082	0.000798	0.881263	-0.433612	0.188028	0.19434	0.695107	0.692139	-0.430819	-0.573416	0.696841	0.005441	-0.007145	-0.007058	0.980579	0.375529	-0.429939	0.458559	0.096216	0.036397	-0.044322	0.659135	-0.229741	-0.716071	0.524633	0.822685	0.218972	0.538795	-0.520007	0.66279	4e-06	-0.000138	-0.000116	-3.1e-05	2.3e-05	3.2e-05	0.183683
-0.002164	0.030497	0.000588	0.883337	-0.428266	0.19053	0.204924	0.718412	0.664747	-0.421568	-0.548152	0.722363	0.005666	-0.011332	-0.001538	0.970767	-0.868358	0.128379	0.438801	0.096253	0.036394	-0.044319	0.658702	-0.230033	-0.716376	0.524989	0.822558	0.218595	0.538977	-0.520079	0.662586	-1e-06	7e-06	6e-06	-3.5e-05	-2e-06	2.3e-05	0.183846
-0.002012	0.030194	0.000578	0.886178	-0.423321	0.18838	0.215532	0.736514	0.641164	-0.410163	-0.527584	0.743922	-0.000361	-0.006123	0.003619	0.368333	-0.283651	0.194831	0.422635	0.09629	0.036395	-0.04432	0.658472	-0.230192	-0.716537	0.525173	0.822497	0.218383	0.53908	-0.520105	0.662482	-3e-06	3e-06	4e-06	-1.7e-05	-6e-06	3.5e-05	0.184009
-0.001985	0.030027	0.000695	0.88806	-0.420039	0.186858	0.218758	0.743585	0.631842	-0.404343	-0.520237	0.752235	-0.000343	-0.010944	0.008545	0.696105	-0.534355	0.075712	0.419696	0.096306	0.036396	-0.04432	0.658312	-0.2303	-0.716649	0.525299	0.822455	0.218237	0.539152	-0.520124	0.662408	-4e-06	3e-06	3e-06	-1.8e-05	-1.4e-05	3.5e-05	0.18352
-0.001835	0.02955	0.00111	0.884778	-0.425934	0.189067	0.230648	0.75279	0.616529	-0.404928	-0.501884	0.764293	0.007521	-0.014812	0.014406	0.512418	-0.35678	-0.127491	0.420349	0.096316	0.036403	-0.044315	0.658245	-0.230346	-0.716696	0.525353	0.822437	0.218176	0.539181	-0.520132	0.662378	-4e-06	0.00014	0.000116	-1.8e-05	1.3e-05	9e-06	0.182377
-0.001782	0.02899	0.001792	0.882672	-0.430586	0.188373	0.238919	0.756242	0.609109	-0.40473	-0.492638	0.770389	0.00757	-0.019544	0.019426	0.376157	-0.259395	-0.240213	0.432596	0.096311	0.0364	-0.044317	0.658064	-0.230464	-0.716824	0.525494	0.82239	0.218013	0.539265	-0.520153	0.662293	2e-06	-0.000126	-0.000106	-9e-06	1e-06	2.1e-05	0.181887
-0.001794	0.028398	0.002501	0.883592	-0.427784	0.190435	0.240214	0.763199	0.599853	-0.401948	-0.48428	0.777116	0.000519	-0.01283	0.016394	0.15176	-0.113944	-0.11784	0.444189	0.096311	0.036399	-0.044317	0.660099	-0.229363	-0.715304	0.524544	0.822369	0.220367	0.537701	-0.520673	0.663156	-0	2e-06	1e-06	0.00013	-0.000189	0.000254	0.180744
-0.001817	0.028171	0.0028	0.885833	-0.423329	0.189975	0.239306	0.76759	0.59459	-0.39753	-0.481246	0.781262	0.00042	-0.008276	0.011204	0.087914	-0.074589	-0.1081	0.448925	0.096311	0.036402	-0.044315	0.660081	-0.229374	-0.715317	0.524557	0.822365	0.220351	0.537709	-0.520674	0.663148	-5e-06	0.000243	0.000202	-8e-06	-3.3e-05	5.4e-05	0.180417
-0.001857	0.027789	0.003302	0.888543	-0.418586	0.187816	0.242714	0.776267	0.581805	-0.389332	-0.471374	0.791344	0.000384	-0.008403	0.01108	0.605938	-0.375547	-0.264341	0.45268	0.096311	0.036403	-0.044314	0.659974	-0.229445	-0.715393	0.524641	0.822337	0.220254	0.537759	-0.520687	0.663098	1e-06	-4e-06	-5e-06	-1.1e-05	3e-06	3.3e-05	0.180417
-0.001867	0.027576	0.0036	0.89261	-0.410713	0.185903	0.241856	0.78425	0.571364	-0.380461	-0.465044	0.799363	0.000327	-0.003725	0.00601	0.36643	-0.200481	-0.14489	0.449904	0.096311	0.036403	-0.044314	0.659974	-0.229445	-0.715393	0.524641	0.822337	0.220254	0.537759	-0.520687	0.663098	1e-06	-2e-06	-4e-06	-1.8e-05	2e-06	2.8e-05	0.180417
-0.001886	0.027542	0.003704	0.89365	-0.408488	0.185812	0.241109	0.786261	0.568911	-0.37849	-0.463607	0.801132	0.000462	-0.003273	0.006455	-0.087426	0.110819	-0.198795	0.448108	0.096311	0.036403	-0.044314	0.66203	-0.228334	-0.713848	0.523677	0.822311	0.222636	0.53617	-0.521217	0.663967	2e-06	-1e-06	-3e-06	0.002004	-0.002498	0.003075	0.180417
-0.001933	0.027599	0.003833	0.895115	-0.404952	0.186497	0.239546	0.789644	0.56487	-0.376012	-0.46095	0.803828	-0.006619	0.003362	0.003315	-0.024427	0.021312	-0.029784	0.444026	0.096305	0.036406	-0.044311	0.662005	-0.228343	-0.713868	0.523684	0.822314	0.222606	0.536193	-0.521208	0.663956	1e-06	5e-06	2e-06	7e-06	-3.8e-05	7.6e-05	0.180254
-0.002014	0.027726	0.003965	0.895155	-0.403554	0.189316	0.236915	0.790483	0.564808	-0.377581	-0.460739	0.803213	0.000814	0.002816	0.002753	-0.000308	0.002225	0.002759	0.442066	0.096305	0.03641	-0.044308	0.661989	-0.228354	-0.71388	0.523697	0.822309	0.222592	0.536201	-0.52121	0.663948	2e-06	-8e-06	-8e-06	-8e-06	8e-06	3.5e-05	0.179437
-0.002101	0.027857	0.004137	0.892544	-0.407703	0.192725	0.238509	0.789481	0.565537	-0.382724	-0.4588	0.801888	0.001196	0.004136	0.004033	-0.524715	0.250667	0.16457	0.439454	0.096305	0.036413	-0.044306	0.661866	-0.228435	-0.713967	0.523794	0.822278	0.222482	0.536257	-0.521225	0.663891	2e-06	-9e-06	-8e-06	8e-06	2.1e-05	3.8e-05	0.179274
-0.002143	0.027919	0.004256	0.892113	-0.407856	0.194389	0.237216	0.788992	0.566762	-0.384528	-0.459504	0.80062	-0.005978	0.005513	0.005388	0.016766	-0.00057	-0.000909	0.437331	0.096305	0.036416	-0.044303	0.661851	-0.228446	-0.713978	0.523807	0.822273	0.222467	0.536264	-0.521227	0.663884	3e-06	3.3e-05	2.6e-05	-4e-06	2e-05	2.1e-05	0.179274
-0.002162	0.028008	0.004536	0.890218	-0.412421	0.193444	0.24125	0.787048	0.567761	-0.386406	-0.458763	0.800141	0.001341	-0.000243	0.009364	-0.031375	-0.009575	0.03617	0.434718	0.0963	0.03642	-0.0443	0.661746	-0.228514	-0.714054	0.523889	0.822247	0.222373	0.536313	-0.52124	0.663835	2e-06	3e-06	3e-06	-4e-06	2e-05	1.3e-05	0.179274
-0.002113	0.028053	0.004825	0.891448	-0.410787	0.191243	0.24129	0.787589	0.566994	-0.383534	-0.459301	0.801213	0.001427	0.004944	0.004772	-0.008954	-0.008872	0.026046	0.433412	0.0963	0.036423	-0.044297	0.661623	-0.228595	-0.714141	0.523986	0.822215	0.222262	0.536369	-0.521254	0.663777	2e-06	-3e-06	-3e-06	-4e-06	7e-06	1.3e-05	0.178621
-0.002071	0.028082	0.004967	0.89142	-0.410588	0.191801	0.240665	0.787529	0.567343	-0.383993	-0.459581	0.800833	0.001443	0.005004	0.004822	-0.012785	0.076323	-0.15146	0.431779	0.0963	0.036426	-0.044295	0.661608	-0.228606	-0.714152	0.523998	0.822211	0.222248	0.536377	-0.521256	0.66377	-1e-06	0.000278	0.00023	1.1e-05	2.7e-05	2.1e-05	0.178458
-0.001988	0.028162	0.005224	0.889005	-0.415152	0.193176	0.243853	0.786323	0.567653	-0.387561	-0.45754	0.800282	0.001314	0.004574	0.004387	0.00208	-0.012375	0.025883	0.430799	0.0963	0.036426	-0.044294	0.661501	-0.228676	-0.714229	0.524082	0.822183	0.222152	0.536426	-0.521269	0.66372	4e-06	-9e-06	-8e-06	1.6e-05	1.5e-05	3.2e-05	0.177968
-0.001898	0.028274	0.005416	0.886655	-0.419109	0.19542	0.246276	0.785646	0.567544	-0.391394	-0.455089	0.799815	0.008484	0.003286	0.003098	0.004008	-0.027791	0.054981	0.423614	0.096294	0.036426	-0.044294	0.661518	-0.228663	-0.714216	0.524068	0.822188	0.222168	0.536419	-0.521266	0.663728	5e-06	-5e-06	-7e-06	1e-06	1.4e-05	1.9e-05	0.176335
-0.00186	0.028362	0.005508	0.886697	-0.418643	0.19623	0.245501	0.785957	0.56745	-0.391787	-0.454982	0.799683	0.001517	0.005285	0.005043	0.001889	-0.012687	0.025811	0.41594	0.096294	0.036426	-0.044294	0.661412	-0.228734	-0.714293	0.524152	0.822161	0.222072	0.536468	-0.521279	0.663678	6e-06	-4e-06	-6e-06	8e-06	2.6e-05	2.3e-05	0.175682
-0.001788	0.028588	0.005731	0.88675	-0.418033	0.197287	0.24449	0.786366	0.567321	-0.392299	-0.454837	0.799515	0.001772	0.006187	0.005877	0.001893	-0.012701	0.025792	0.404346	0.096294	0.03643	-0.044291	0.661396	-0.228744	-0.714304	0.524164	0.822157	0.222058	0.536475	-0.521281	0.663671	4e-06	4.5e-05	3.5e-05	-3e-06	1.4e-05	1.2e-05	0.172906
-0.001726	0.028817	0.006004	0.884343	-0.422473	0.198627	0.247792	0.785384	0.567248	-0.395646	-0.452424	0.799235	0.001888	0.006612	0.006248	-0.011235	0.075108	-0.152266	0.399937	0.096289	0.036429	-0.044291	0.661307	-0.228802	-0.714368	0.524234	0.822134	0.221978	0.536517	-0.521292	0.663629	5e-06	-6e-06	-7e-06	1.2e-05	1.2e-05	2.6e-05	0.169966
-0.001628	0.029013	0.006323	0.884354	-0.421961	0.199664	0.246688	0.785546	0.567505	-0.396311	-0.45262	0.798794	0.001948	0.001963	0.011297	-0.034001	0.002581	0.009925	0.393732	0.096289	0.036435	-0.044287	0.663413	-0.227651	-0.712781	0.523212	0.822127	0.2244	0.534912	-0.521806	0.66452	-3e-06	0.000332	0.000276	0.000352	-0.000447	0.000576	0.166701
-0.001558	0.02911	0.006506	0.884967	-0.420786	0.199428	0.246583	0.786773	0.565848	-0.395006	-0.451581	0.800027	0.009522	0.007133	0.006621	0.234861	-0.167231	0.009286	0.39161	0.096289	0.036436	-0.044286	0.663409	-0.227653	-0.712785	0.523214	0.822127	0.224395	0.534916	-0.521805	0.664518	2e-06	-7e-06	-6e-06	4.3e-05	-5.4e-05	0.000108	0.165068
-0.001383	0.029294	0.006903	0.885095	-0.420392	0.199691	0.245908	0.786703	0.566238	-0.39514	-0.452069	0.799685	0.002213	0.002951	0.01215	-0.047545	0.078403	-0.14204	0.389813	0.096289	0.03644	-0.044289	0.663397	-0.227661	-0.712794	0.523209	0.822138	0.224366	0.534936	-0.521784	0.664518	4e-06	-6e-06	-8e-06	-7e-06	1.5e-05	3.8e-05	0.163272
-0.001156	0.029439	0.007276	0.885552	-0.419407	0.199735	0.245445	0.787483	0.565355	-0.394402	-0.451628	0.800299	0.002164	0.007718	0.007136	0.340036	-0.124154	-0.225957	0.389977	0.096284	0.036444	-0.044286	0.663292	-0.22773	-0.712869	0.523292	0.822111	0.224271	0.534985	-0.521796	0.664469	3e-06	1e-05	7e-06	-1.5e-05	1e-06	2.5e-05	0.162455
-0.000909	0.029585	0.007668	0.8858	-0.418653	0.200219	0.244475	0.787702	0.565471	-0.394449	-0.451945	0.800097	0.002226	0.003089	0.012185	-0.048169	0.078373	-0.142058	0.39014	0.096289	0.036447	-0.044283	0.663259	-0.227753	-0.712893	0.523319	0.822102	0.224241	0.534999	-0.521801	0.664454	3e-06	-9e-06	-9e-06	-1e-06	1.9e-05	2.2e-05	0.162618
-0.000789	0.029651	0.007854	0.886579	-0.417088	0.200032	0.244162	0.789235	0.563464	-0.392887	-0.450715	0.801557	0.009055	0.000891	0.01006	0.001875	-0.040075	0.017628	0.389977	0.096289	0.036451	-0.04428	0.663243	-0.227763	-0.712904	0.523332	0.822098	0.224227	0.535006	-0.521803	0.664447	2e-06	2.5e-05	2e-05	-9e-06	7e-06	1.3e-05	0.162455
-0.000619	0.029729	0.008211	0.884926	-0.420377	0.200469	0.24754	0.789149	0.562109	-0.394498	-0.447801	0.802399	0.008745	-0.00016	0.009065	-0.044996	-0.020401	0.065037	0.38916	0.096289	0.036453	-0.044278	0.663227	-0.227773	-0.712915	0.523344	0.822094	0.224213	0.535013	-0.521804	0.664439	-1e-06	0.000236	0.000195	6e-06	1.8e-05	2.6e-05	0.162129
-0.000541	0.029791	0.008538	0.886298	-0.417683	0.200039	0.246932	0.791633	0.558873	-0.39179	-0.445933	0.804763	0.001284	-0.000235	0.009077	0.18504	-0.121896	-0.060675	0.385568	0.096289	0.036454	-0.044278	0.66525	-0.226674	-0.711378	0.522377	0.822065	0.226561	0.533444	-0.522328	0.665289	3e-06	-7e-06	-7e-06	0.000123	-0.000162	0.000234	0.161965
-0.000527	0.029818	0.008682	0.886466	-0.417173	0.200358	0.246312	0.791817	0.558887	-0.3918	-0.446084	0.804674	0.001282	0.004664	0.004224	-0.013662	-0.007463	0.026032	0.384751	0.096289	0.036454	-0.044284	0.665252	-0.226673	-0.711377	0.522362	0.822079	0.226545	0.533457	-0.522306	0.665296	3e-06	-1.1e-05	-1e-05	8e-06	-1.1e-05	5.4e-05	0.161965
-0.000553	0.029878	0.008903	0.887263	-0.415292	0.200738	0.245355	0.793436	0.557009	-0.390595	-0.444962	0.80588	0.000783	0.002849	0.002577	-0.003537	-0.017424	0.01729	0.381486	0.096294	0.036455	-0.04429	0.665238	-0.226684	-0.711387	0.52236	0.822089	0.226514	0.533477	-0.522286	0.665296	1e-06	-1.5e-05	-1.3e-05	-1.5e-05	5e-06	1.7e-05	0.161312
-0.000594	0.029957	0.009045	0.887759	-0.414045	0.201121	0.244641	0.794511	0.55579	-0.389915	-0.444205	0.806627	0.000877	0.003186	0.002873	0.348998	-0.200726	-0.072942	0.374138	0.096294	0.036462	-0.044291	0.665211	-0.226703	-0.711406	0.522368	0.822096	0.226471	0.533503	-0.522267	0.66529	-2e-06	2.5e-05	2e-05	-2.5e-05	-9e-06	3e-06	0.161639
-0.000602	0.030068	0.009257	0.888259	-0.413053	0.200953	0.244314	0.795304	0.554798	-0.38898	-0.443709	0.807351	0.001433	0.0052	0.004677	0.630235	-0.341138	-0.136698	0.367116	0.096288	0.036458	-0.044287	0.665134	-0.226753	-0.711462	0.522443	0.822062	0.22642	0.533526	-0.522298	0.665247	1e-06	-2e-06	-2e-06	-1.1e-05	7e-06	1e-05	0.161475
-0.000598	0.030121	0.009423	0.888797	-0.412105	0.20052	0.24426	0.796164	0.553588	-0.387782	-0.443049	0.808289	-0.005231	0.002995	0.01203	-0.051329	0.009776	0.005167	0.364993	0.096288	0.036462	-0.044291	0.665122	-0.226761	-0.711471	0.522438	0.822073	0.226391	0.533545	-0.522278	0.665248	1e-06	-1e-06	-2e-06	-1.3e-05	-1.1e-05	1.6e-05	0.161639
-0.000542	0.030213	0.009942	0.889984	-0.41007	0.19942	0.244111	0.797857	0.55121	-0.385144	-0.441888	0.810184	0.002606	-0.000304	0.018147	0.196154	-0.062859	-0.241751	0.363034	0.096288	0.036462	-0.044291	0.665015	-0.226831	-0.711548	0.522523	0.822046	0.226295	0.533594	-0.52229	0.665198	1e-06	-2e-06	-2e-06	-1e-06	-1e-06	2.4e-05	0.161475
-0.000483	0.030309	0.010634	0.891863	-0.40672	0.197885	0.243653	0.800617	0.547398	-0.381068	-0.439989	0.813139	0.003039	0.001326	0.019517	0.539388	-0.256552	-0.304648	0.36483	0.096288	0.036462	-0.044284	0.665011	-0.226834	-0.711551	0.52254	0.822031	0.22631	0.533583	-0.522313	0.66519	0	6e-06	6e-06	-9e-06	-4e-06	1e-05	0.161312
-0.00046	0.030372	0.010993	0.892542	-0.405515	0.197293	0.243369	0.801449	0.546306	-0.379655	-0.439587	0.814017	0.003027	0.001297	0.019447	0.538917	-0.330605	-0.115857	0.366463	0.096288	0.036462	-0.044284	0.665011	-0.226834	-0.711551	0.52254	0.822031	0.22631	0.533583	-0.522313	0.66519	2e-06	-6e-06	-5e-06	2e-06	1.3e-05	1.6e-05	0.161149
-0.000445	0.030527	0.011624	0.89443	-0.402103	0.195721	0.243008	0.804407	0.542102	-0.375421	-0.437311	0.817201	0.002544	0.004439	0.012991	0.019012	-0.048796	0.006592	0.367443	0.096293	0.036462	-0.044291	0.664998	-0.226844	-0.71156	0.522538	0.822041	0.226279	0.533602	-0.522292	0.66519	4e-06	-6.2e-05	-5.3e-05	-2e-06	1.4e-05	1.2e-05	0.161312
-0.000457	0.03071	0.012078	0.896267	-0.398702	0.194269	0.242685	0.807506	0.537622	-0.371225	-0.434708	0.8205	-0.005138	0.008112	0.007163	0.485714	-0.197439	-0.296355	0.366626	0.096299	0.036459	-0.044294	0.664889	-0.226917	-0.711639	0.522624	0.822013	0.22618	0.533652	-0.522305	0.66514	1e-06	-1.9e-05	-1.6e-05	-6e-06	-0	1.3e-05	0.161312
-0.000496	0.030884	0.012319	0.897439	-0.396374	0.193625	0.242219	0.809599	0.534676	-0.368691	-0.43294	0.822575	0.000907	0.00334	0.002881	-0.018619	-0.006422	0.024361	0.354216	0.096304	0.036463	-0.044297	0.664753	-0.227008	-0.711737	0.522719	0.821992	0.226039	0.533729	-0.522299	0.665084	-1e-06	6e-06	5e-06	-1.3e-05	-1e-05	1e-06	0.161312
-0.000537	0.030938	0.01236	0.898226	-0.394723	0.193345	0.241855	0.811172	0.532452	-0.367007	-0.431501	0.824082	0.000348	0.00129	0.001112	-0.019339	-0.005416	0.02534	0.330702	0.096304	0.036463	-0.044297	0.664753	-0.227009	-0.711737	0.522719	0.821991	0.226039	0.533729	-0.522299	0.665084	-3e-06	4e-06	4e-06	-8e-06	-5e-06	4e-06	0.161312
-0.000621	0.030927	0.012332	0.899062	-0.392549	0.193886	0.240711	0.813096	0.530032	-0.365711	-0.429861	0.825514	-0.000609	-0.002205	-0.0019	-0.014017	0.001759	-0.00427	0.273061	0.096304	0.036464	-0.044303	0.664757	-0.227007	-0.711734	0.522703	0.822006	0.226025	0.533741	-0.522277	0.665091	-1e-06	3e-06	1e-06	-6e-06	-7e-06	6e-06	0.161149
-0.000664	0.030821	0.012219	0.899908	-0.390287	0.194526	0.239393	0.814999	0.527699	-0.364493	-0.428313	0.826856	-0.000913	-0.003316	-0.002866	-0.017971	0.018026	-0.025831	0.233381	0.096304	0.036464	-0.044303	0.664651	-0.227077	-0.711811	0.522787	0.821979	0.225929	0.53379	-0.522289	0.665042	-5e-06	5e-06	6e-06	-1.6e-05	-1.3e-05	-4e-06	0.161149
-0.000682	0.03076	0.01216	0.90093	-0.388289	0.193789	0.239278	0.817018	0.52462	-0.362034	-0.426277	0.828986	-0.000879	-0.003194	-0.002761	0.611624	-0.323448	-0.192009	0.219175	0.096304	0.036462	-0.044298	0.664647	-0.227079	-0.711814	0.522804	0.821964	0.225943	0.533778	-0.522312	0.665034	-1e-05	0.000405	0.000339	-4e-06	-5e-06	5e-06	0.161149
-0.000699	0.030683	0.012046	0.902987	-0.384405	0.191954	0.239234	0.820907	0.518534	-0.356904	-0.422308	0.833231	-0.000615	-0.002241	-0.001942	0.01293	-0.008321	-0.047624	0.198763	0.096304	0.036463	-0.044297	0.66454	-0.22715	-0.711891	0.522889	0.821937	0.225847	0.533828	-0.522324	0.664984	-1e-06	-3e-06	-3e-06	-4e-06	-1e-06	-2e-06	0.161312
-0.000714	0.030697	0.011928	0.905142	-0.380483	0.189605	0.239564	0.824984	0.511868	-0.351178	-0.417891	0.837878	-0.000363	0.003551	-0.006015	0.190721	-0.100968	-0.069942	0.176883	0.096304	0.036463	-0.044297	0.664541	-0.22715	-0.711891	0.522889	0.821937	0.225847	0.533828	-0.522324	0.664984	0	-1e-06	-2e-06	-9e-06	-4e-06	-4e-06	0.161149
-0.000727	0.030789	0.011749	0.906051	-0.378796	0.188634	0.239735	0.826814	0.508826	-0.348707	-0.415801	0.839947	-0.000447	0.003238	-0.006288	0.017205	0.003993	-0.009076	0.132468	0.096309	0.036464	-0.044297	0.664416	-0.227232	-0.71198	0.522988	0.821905	0.225734	0.533886	-0.522338	0.664927	1e-06	-1e-06	-1e-06	-3e-06	-2e-06	1e-06	0.161475
-0.000713	0.030865	0.011617	0.906067	-0.378861	0.188429	0.240088	0.82701	0.508341	-0.348424	-0.415351	0.840287	0.006735	0.002612	-0.006963	0.035415	-0.028273	0.046751	0.094747	0.09632	0.036461	-0.044299	0.664397	-0.227247	-0.711993	0.523004	0.821899	0.225715	0.533894	-0.52234	0.664919	5e-06	-0.000288	-0.00024	-3e-06	1e-06	0	0.161802
-0.000705	0.031124	0.011261	0.907118	-0.379196	0.182608	0.242928	0.826045	0.508562	-0.343687	-0.416966	0.841438	-0.000357	0.008421	-0.010885	0.072164	-0.01176	0.003164	-0.005186	0.096341	0.036461	-0.044301	0.66422	-0.227367	-0.71212	0.523146	0.821853	0.225554	0.533975	-0.52236	0.664838	-1e-06	5e-06	2e-06	-9e-06	-6e-06	-5e-06	0.162455
-0.000713	0.031526	0.010798	0.910508	-0.38185	0.158633	0.253987	0.819224	0.514161	-0.326288	-0.427857	0.842895	-9e-05	0.014243	-0.01491	0.107882	-0.045865	0.048162	-0.204727	0.096351	0.036461	-0.044301	0.664185	-0.227392	-0.712144	0.523175	0.821844	0.225522	0.53399	-0.522364	0.664823	-2e-06	2e-06	2e-06	2e-06	-9e-06	7e-06	0.162455
-0.000728	0.031815	0.010524	0.911845	-0.3858	0.140341	0.263383	0.811986	0.520871	-0.314907	-0.43799	0.842019	4.8e-05	0.014725	-0.014482	0.118571	-0.163311	0.233777	-0.343688	0.096351	0.036465	-0.044298	0.66417	-0.227403	-0.712155	0.523187	0.82184	0.225507	0.533997	-0.522366	0.664815	-1e-06	1.1e-05	1e-05	-1e-06	1e-06	-3e-06	0.162292
-0.000853	0.032558	0.009864	0.918324	-0.377929	0.117687	0.263554	0.805627	0.530569	-0.295329	-0.456217	0.839431	-0.007011	0.02054	-0.018374	-0.380394	0.292278	0.247589	-0.639244	0.096346	0.036462	-0.0443	0.664096	-0.22745	-0.712209	0.523245	0.821821	0.225441	0.534032	-0.522375	0.664781	4e-06	-0.000206	-0.000172	8e-06	-6e-06	1e-05	0.161965
-0.001089	0.033333	0.009089	0.917797	-0.378887	0.118708	0.256272	0.793651	0.551762	-0.303269	-0.475984	0.825509	-0.007475	0.018793	-0.019879	-0.806104	0.422831	0.20131	-0.901652	0.096346	0.036465	-0.044304	0.664084	-0.227459	-0.712217	0.523241	0.821832	0.225413	0.534051	-0.522354	0.664781	0	4e-06	3e-06	0	-6e-06	2e-06	0.161802
-0.001214	0.033699	0.008688	0.916168	-0.382326	0.120253	0.251194	0.781547	0.571038	-0.312307	-0.492961	0.812067	-0.000436	0.022621	-0.02574	-1.281717	0.746584	0.521289	-0.891038	0.096351	0.036462	-0.044307	0.663976	-0.227531	-0.712295	0.523327	0.821804	0.225314	0.534101	-0.522367	0.664731	1e-06	-4.6e-05	-3.8e-05	7e-06	1.7e-05	0	0.161475
-0.001447	0.034528	0.007908	0.918241	-0.376258	0.123537	0.22997	0.760579	0.607151	-0.322405	-0.529101	0.784924	0.000561	0.026043	-0.022721	-1.18336	-0.49736	-0.674402	-0.865565	0.096351	0.036456	-0.044319	0.66401	-0.227509	-0.71227	0.523286	0.821826	0.225328	0.534099	-0.522341	0.664753	2e-06	-0.000169	-0.000142	-6e-06	2e-06	-9e-06	0.162945
-0.001571	0.035477	0.007111	0.91649	-0.381199	0.121372	0.224221	0.740717	0.633295	-0.331314	-0.553195	0.764333	0.000339	0.025255	-0.023369	-0.485192	0.215139	0.51717	-0.959783	0.09634	0.03645	-0.044336	0.663977	-0.22753	-0.712295	0.523284	0.821845	0.225263	0.534142	-0.522302	0.664749	3e-06	-0.000236	-0.000194	5e-06	5e-06	3e-06	0.16768
-0.001444	0.036304	0.006237	0.911808	-0.388265	0.133622	0.214777	0.728325	0.650702	-0.349965	-0.564617	0.747483	0.007211	0.018959	-0.019873	-0.766938	0.662072	0.286702	-0.949986	0.09634	0.036448	-0.044357	0.664003	-0.227514	-0.712275	0.523222	0.821893	0.225234	0.53417	-0.522234	0.66478	4e-06	-0.000198	-0.000165	-1e-06	7e-06	-6e-06	0.167354
-0.00136	0.036723	0.005825	0.910885	-0.388611	0.138816	0.2063	0.720177	0.662408	-0.357391	-0.57474	0.736168	0.000489	0.025788	-0.022851	-0.660708	0.460278	0.350789	-0.948026	0.096339	0.036451	-0.044375	0.663907	-0.227579	-0.712344	0.523256	0.821909	0.225094	0.534256	-0.52218	0.664754	6e-06	-0.000434	-0.00036	-1e-06	-1.3e-05	0	0.167191
-0.001132	0.037652	0.00498	0.906903	-0.392231	0.153885	0.186434	0.701094	0.688265	-0.377847	-0.5955	0.70895	0.007909	0.026411	-0.022374	-1.381875	0.491049	0.743221	-0.941005	0.096338	0.036452	-0.044433	0.663864	-0.227611	-0.712373	0.523165	0.822021	0.224895	0.534397	-0.521989	0.664789	2.1e-05	-0.001338	-0.001112	-0.000866	0.013795	-0.025285	0.166047
-0.000851	0.038723	0.00407	0.904078	-0.392798	0.168378	0.161798	0.679256	0.715844	-0.395554	-0.619935	0.677655	0.007662	0.030447	-0.027863	-1.063185	0.572088	0.467833	-0.93382	0.096322	0.036447	-0.044503	0.664	-0.227524	-0.712275	0.522918	0.822193	0.224841	0.534471	-0.521757	0.664912	2.4e-05	-0.001423	-0.001184	-0.000878	0.013797	-0.02529	0.162292
-0.000666	0.039289	0.003536	0.904194	-0.3902	0.173715	0.148091	0.667884	0.729382	-0.400626	-0.633777	0.661682	0.007623	0.030364	-0.027902	-0.746274	0.281078	0.641341	-0.93382	0.096316	0.03644	-0.044528	0.663952	-0.227556	-0.712309	0.522914	0.822222	0.224746	0.534534	-0.521697	0.664908	1.7e-05	-0.000894	-0.000745	3e-06	-2e-06	4e-06	0.161312
-0.000405	0.040328	0.002492	0.905684	-0.38026	0.187452	0.117097	0.649325	0.751441	-0.40746	-0.658618	0.632611	0.006731	0.022385	-0.025785	-1.055848	0.54885	0.435703	-0.928758	0.09631	0.036435	-0.044586	0.663939	-0.227568	-0.712318	0.522814	0.822328	0.224592	0.534649	-0.521525	0.664951	1.3e-05	-0.000749	-0.000624	1e-06	-0	5e-06	0.156413
-0.000144	0.041282	0.001396	0.904348	-0.380515	0.19329	0.096938	0.624184	0.775239	-0.415639	-0.682349	0.601367	0.006526	0.021679	-0.026362	-0.766425	0.051371	-0.11067	-0.928268	0.096298	0.036436	-0.04465	0.663935	-0.227573	-0.71232	0.522678	0.822464	0.224412	0.534788	-0.521309	0.665009	2.4e-05	-0.00138	-0.00115	7e-06	4e-06	1.5e-05	0.148902
0.000162	0.042093	0.000385	0.898351	-0.38772	0.206489	0.078173	0.603667	0.793393	-0.432265	-0.696604	0.572614	0.013443	0.020808	-0.02721	-1.007769	0.538464	0.326411	-0.925329	0.09628	0.036444	-0.044755	0.663851	-0.227633	-0.712379	0.522507	0.822674	0.224036	0.535058	-0.52095	0.665073	3.3e-05	-0.002007	-0.001673	-6e-06	-0	2e-06	0.142044
0.000358	0.042478	-0.000129	0.894851	-0.391477	0.214443	0.067397	0.593416	0.802069	-0.441245	-0.70328	0.557403	0.013168	0.019849	-0.028047	-0.652827	0.416611	0.208088	-0.924513	0.096263	0.036452	-0.044841	0.663115	-0.224982	-0.713905	0.521808	0.822745	0.225403	0.536651	-0.521989	0.662972	4.8e-05	-0.002971	-0.002481	0.009214	0.017937	-0.029311	0.137635
0.000865	0.043165	-0.001142	0.884702	-0.404567	0.231574	0.047256	0.572052	0.818854	-0.463754	-0.713499	0.525214	0.020049	0.014052	-0.024226	-0.742851	0.528271	0.093727	-0.922063	0.096199	0.03648	-0.045106	0.66209	-0.219739	-0.716484	0.519895	0.823256	0.22794	0.539763	-0.523414	0.659311	-0.00716	0.00059	-0.008039	0.041271	-0.007138	-0.05877	0.121469
0.001548	0.043803	-0.002149	0.870559	-0.422042	0.252993	0.025845	0.552657	0.833007	-0.491383	-0.718644	0.492029	0.019988	0.018882	-0.029008	-0.862201	0.649011	0.172513	-0.926472	0.096105	0.036547	-0.045544	0.65925	-0.213228	-0.721056	0.521165	0.820817	0.233764	0.54201	-0.529898	0.652251	-0.000384	0.003734	-0.01457	-0.042362	-0.361704	-0.204331	0.085709
0.001963	0.044142	-0.002693	0.862598	-0.430687	0.265391	0.01335	0.543801	0.839108	-0.505713	-0.72027	0.474831	0.019739	0.013116	-0.025073	-0.993103	0.76329	-0.008837	-0.927452	0.096041	0.036595	-0.04582	0.657599	-0.211115	-0.723182	0.523712	0.818154	0.237379	0.54156	-0.53484	0.64858	-0.007359	0.002579	-0.015249	-0.069737	-0.417925	-0.267172	0.05599
0.002951	0.044833	-0.00389	0.845743	-0.449742	0.287141	-0.010279	0.524299	0.851471	-0.533491	-0.723078	0.438799	0.026508	0.016857	-0.030977	-0.837912	0.799243	-0.134683	-0.930554	0.095865	0.036753	-0.046538	0.652579	-0.206226	-0.729116	0.528576	0.81335	0.243039	0.542906	-0.543995	0.639781	-0.007584	0.006141	-0.021149	0.084655	-0.113173	-0.098659	-0.015858
0.004058	0.045503	-0.005158	0.829147	-0.468818	0.304504	-0.030411	0.506068	0.861957	-0.558201	-0.72395	0.405348	0.026294	0.016244	-0.031566	-0.603535	0.729353	-0.22443	-0.93284	0.095625	0.03701	-0.047445	0.648737	-0.190839	-0.736694	0.522436	0.815576	0.248786	0.553352	-0.546273	0.628796	-0.007811	0.009768	-0.027007	0.102284	-0.076265	-0.28383	-0.045087
0.005305	0.046073	-0.006384	0.808071	-0.487612	0.330538	-0.058996	0.491296	0.868992	-0.586123	-0.721708	0.368235	0.033217	0.015778	-0.032201	-0.548313	0.964376	-0.872225	-0.934147	0.095325	0.037348	-0.04855	0.638559	-0.173927	-0.74966	0.517177	0.818348	0.250667	0.569885	-0.547773	0.612514	-0.007794	0.007445	-0.029079	-0.073479	-0.51218	-0.550063	-0.053088
0.005947	0.046264	-0.006905	0.79441	-0.496004	0.350559	-0.079891	0.486819	0.869841	-0.602104	-0.719017	0.347108	0.040168	0.01024	-0.028307	-0.977537	1.93137	-2.598274	-0.934147	0.095155	0.03754	-0.049177	0.631746	-0.164766	-0.757461	0.514553	0.819961	0.250792	0.579768	-0.548191	0.602788	-0.007791	0.00612	-0.030275	0.01624	-0.295613	-0.45617	-0.057824
0.007396	0.046448	-0.007822	0.758175	-0.529028	0.381181	-0.102092	0.481066	0.870719	-0.644008	-0.699073	0.310723	0.040326	-0.000327	-0.019577	1.449713	5.632778	1.506112	-0.927778	0.094767	0.037948	-0.050607	0.612195	-0.143143	-0.777641	0.506862	0.82588	0.247003	0.606882	-0.545372	0.578154	-0.00803	0.008866	-0.037012	2.194631	-2.340864	1.214455	-0.064845
0.008984	0.04637	-0.008477	0.707124	-0.574946	0.411596	-0.107282	0.488122	0.866156	-0.698903	-0.656637	0.283481	0.040507	-0.00362	-0.013783	-0.035752	0.768214	-0.731153	-0.930881	0.094324	0.038332	-0.052151	0.58628	-0.121029	-0.801016	0.493073	0.837844	0.234297	0.64277	-0.532323	0.550887	-0.008259	0.011507	-0.043911	0.565786	-1.576224	0.160943	-0.067621
0.009884	0.046248	-0.008721	0.67866	-0.594099	0.431816	-0.114234	0.495404	0.861118	-0.725513	-0.633735	0.268345	0.047641	-0.003419	-0.01388	-0.851929	1.235773	-1.123469	-0.933003	0.094042	0.038525	-0.052991	0.569059	-0.111497	-0.814702	0.485532	0.845174	0.22347	0.663648	-0.522732	0.53509	-0.015314	0.010652	-0.044503	0.164349	-0.358145	-0.020251	-0.065988
0.011958	0.045916	-0.009097	0.615749	-0.62429	0.480743	-0.134766	0.517693	0.844885	-0.776331	-0.585025	0.234636	0.055044	-0.007464	-0.008843	0.201683	2.946	-2.621702	-0.926635	0.093391	0.038883	-0.054761	0.508321	-0.109641	-0.854158	0.480951	0.858906	0.17597	0.714349	-0.500258	0.489332	-0.022437	0.00843	-0.046532	0.169753	-1.670124	0.8206	-0.050802
0.014323	0.045599	-0.009478	0.566541	-0.627313	0.534329	-0.175998	0.541353	0.822168	-0.805018	-0.559833	0.196293	0.068853	-0.009358	-0.011355	-1.117763	2.018736	-3.09657	-0.934473	0.092588	0.039167	-0.056586	0.464749	-0.109699	-0.878619	0.480094	0.864989	0.145951	0.743986	-0.489651	0.454669	-0.022552	0.007513	-0.047758	0.224072	-0.680308	0.807364	-0.037086
0.016909	0.045237	-0.009942	0.513381	-0.62117	0.592104	-0.226781	0.567239	0.791713	-0.827653	-0.540728	0.15034	0.068833	-0.010182	-0.012494	-0.67336	1.503321	-1.795879	-0.937739	0.091497	0.039345	-0.058361	0.434146	-0.109231	-0.894194	0.484703	0.865013	0.129665	0.759327	-0.489713	0.428487	-0.0367	0.002248	-0.043294	0.131199	-0.881703	0.577211	-0.021247
0.018201	0.045049	-0.010175	0.482559	-0.618585	0.620071	-0.252924	0.579377	0.774822	-0.838549	-0.530729	0.123129	0.068973	-0.009763	-0.012281	-0.725335	1.560045	-1.757966	-0.940188	0.090817	0.039404	-0.05921	0.424168	-0.104998	-0.899475	0.484512	0.865449	0.127456	0.765068	-0.489869	0.417968	-0.036804	0.002879	-0.04293	0.14254	-0.768819	0.439319	-0.001325
0.021022	0.044684	-0.010667	0.421377	-0.604398	0.676124	-0.323255	0.596475	0.734658	-0.847317	-0.528129	0.055966	0.069163	-0.009501	-0.012432	-0.716178	1.585818	-1.026242	-0.931371	0.089142	0.039459	-0.060877	0.41367	-0.087223	-0.906238	0.4788	0.867471	0.135066	0.774355	-0.48978	0.400609	-0.044044	-0.002512	-0.038987	0.108596	-0.372273	-0.092356	0.088648
0.023809	0.044346	-0.011224	0.38275	-0.575154	0.722979	-0.422062	0.587269	0.690635	-0.821806	-0.569483	-0.017973	0.069048	-0.004978	-0.017878	-1.055179	1.475923	-1.104094	-0.929411	0.087305	0.039406	-0.062389	0.401155	-0.066893	-0.913563	0.472475	0.869533	0.143799	0.784755	-0.489322	0.380424	-0.051536	-0.002478	-0.039317	0.107593	-0.354145	-0.166775	0.191031
0.025232	0.044206	-0.01155	0.375776	-0.557238	0.740457	-0.477264	0.568536	0.670063	-0.794361	-0.605188	-0.052308	0.069196	-0.004495	-0.017624	-1.771741	0.300445	-1.212991	-0.923369	0.086353	0.039319	-0.063112	0.394649	-0.05412	-0.917236	0.46904	0.870266	0.15046	0.790097	-0.489599	0.368834	-0.051688	-0.001468	-0.038623	0.066857	-0.571891	-0.272226	0.230874
0.028041	0.044029	-0.012309	0.364312	-0.529307	0.766231	-0.574504	0.519821	0.632242	-0.732953	-0.670537	-0.114712	0.069315	-0.006454	-0.019897	-4.903211	-1.778197	-0.580541	-0.9219	0.084485	0.039041	-0.064431	0.377788	-0.021185	-0.925649	0.452551	0.876407	0.164643	0.807758	-0.481104	0.340683	-0.044695	-0.005173	-0.03349	0.002572	-0.972303	-0.492063	0.279698
0.030765	0.043881	-0.01326	0.350976	-0.516572	0.781004	-0.641411	0.475033	0.60244	-0.682207	-0.712387	-0.16461	0.069157	-0.009597	-0.023506	-0.337612	0.645646	0.109811	-0.922879	0.08269	0.03868	-0.065574	0.353303	0.014909	-0.935389	0.418211	0.891882	0.172177	0.836824	-0.452021	0.308869	-0.044869	-0.008519	-0.027703	1.569398	-1.480138	-0.747192	0.301579
0.032155	0.043792	-0.013841	0.348749	-0.512469	0.784697	-0.667304	0.452127	0.591849	-0.658087	-0.730038	-0.184294	0.069004	-0.00505	-0.028825	-1.559549	0.171564	-0.233584	-0.925982	0.081815	0.038468	-0.066061	0.339767	0.031406	-0.939984	0.396351	0.901577	0.173388	0.852914	-0.431475	0.293878	-0.044925	-0.013082	-0.022879	1.531417	-2.612034	1.729275	0.306314
